1             27                2.1109048805741833E-4
1             28                0.022843860292635035
1             29                0.010241620727440254
1             30                6.730982693578301E-4
1             31                4.129305795960008E-4
1             32                2.407736667707722E-4
1             33                3.6674809861716713E-4
1             34                2.338561086343285E-4
1             35                2.732908772335788E-4
1             36                0.001317010986603105
1             37                0.0015364022403613342
1             38                7.979413772604458E-4
1             39                3.756276701542939E-5
1             40                1.0562884472847133E-4


1             41                6.480652608609986E-7
1             42                1.530320837081426E-6
1             43                2.300569080350475E-5
1             44                2.4328585048229743E-5
1             45                5.527942130921475E-9
