1     2     -16872.000000000000000
1     3     -17401.000000000000000
1     4     -15748.000000000000000
1     5     -16936.000000000000000
1     6     -16339.000000000000000
1     7     -17324.000000000000000
1     8     -18086.000000000000000
1     9     -17929.000000000000000
1     10    -16518.000000000000000
1     11    -17646.000000000000000
1     12    -17118.000000000000000
1     13    -16271.000000000000000
1     14    -17055.000000000000000
1     15    -16040.000000000000000
1     16    -17118.000000000000000
1     17    -16271.000000000000000
1     18    -17055.000000000000000
1     19    -16040.000000000000000
1     20    -16971.000000000000000
1     21    -15600.000000000000000
1     22    -17913.000000000000000
1     23    -16141.000000000000000
1     24    -16473.000000000000000
1     25    -16018.000000000000000
1     26    -16100.000000000000000
1     27    -17381.000000000000000
1     28    -17918.000000000000000
1     29    -17882.000000000000000
1     30    -17503.000000000000000
1     31    -17660.000000000000000
1     32    -17943.000000000000000
1     33    -16555.000000000000000
1     34    -18045.000000000000000
1     35    -18032.000000000000000
1     36    -17899.000000000000000
1     37    -17829.000000000000000
1     38    -18014.000000000000000
1     39    -17869.000000000000000
1     40    -17898.000000000000000
1     41    -17985.000000000000000
1     42    -17560.000000000000000
1     43    -16790.000000000000000
1     44    -16902.000000000000000
1     45    -16050.000000000000000
1     46    -17743.000000000000000
1     47    -17909.000000000000000
1     48    -17908.000000000000000
1     49    -17863.000000000000000
1     50    -17842.000000000000000
1     51    -17875.000000000000000
1     52    -16476.000000000000000
2     3     -17462.000000000000000
2     4     -17669.000000000000000
2     5     -15849.000000000000000
2     6     -14677.000000000000000
2     7     -15992.000000000000000
2     8     -18069.000000000000000
2     9     -17512.000000000000000
2     10    -17731.000000000000000
2     11    -17890.000000000000000
2     12    -16657.000000000000000
2     13    -16493.000000000000000
2     14    -16013.000000000000000
2     15    -17418.000000000000000
2     16    -16657.000000000000000
2     17    -16493.000000000000000
2     18    -16013.000000000000000
2     19    -17418.000000000000000
2     20    -13158.000000000000000
2     21    -14317.000000000000000
2     22    -17299.000000000000000
2     23    -16916.000000000000000
2     24    -17750.000000000000000
2     25    -17655.000000000000000
2     26    -17573.000000000000000
2     27    -15223.000000000000000
2     28    -16374.000000000000000
2     29    -14487.000000000000000
2     30    -16014.000000000000000
2     31    -16581.000000000000000
2     32    -17571.000000000000000
2     33    -17945.000000000000000
2     34    -17970.000000000000000
2     35    -17932.000000000000000
2     36    -17626.000000000000000
2     37    -17463.000000000000000
2     38    -17957.000000000000000
2     39    -17361.000000000000000
2     40    -17475.000000000000000
2     41    -17759.000000000000000
2     42    -15930.000000000000000
2     43    -17113.000000000000000
2     44    -16515.000000000000000
2     45    -17237.000000000000000
2     46    -17015.000000000000000
2     47    -17472.000000000000000
2     48    -17487.000000000000000
2     49    -17357.000000000000000
2     50    -17315.000000000000000
2     51    -17347.000000000000000
2     52    -13032.000000000000000
3     4     -17944.000000000000000
3     5     -16363.000000000000000
3     6     -16396.000000000000000
3     7     -16444.000000000000000
3     8     -18070.000000000000000
3     9     -17380.000000000000000
3     10    -17876.000000000000000
3     11    -17911.000000000000000
3     12    -17228.000000000000000
3     13    -17236.000000000000000
3     14    -16868.000000000000000
3     15    -17866.000000000000000
3     16    -17228.000000000000000
3     17    -17236.000000000000000
3     18    -16868.000000000000000
3     19    -17866.000000000000000
3     20    -15849.000000000000000
3     21    -15850.000000000000000
3     22    -17268.000000000000000
3     23    -17271.000000000000000
3     24    -17987.000000000000000
3     25    -17916.000000000000000
3     26    -17566.000000000000000
3     27    -16468.000000000000000
3     28    -16587.000000000000000
3     29    -16230.000000000000000
3     30    -16702.000000000000000
3     31    -16646.000000000000000
3     32    -17470.000000000000000
3     33    -17963.000000000000000
3     34    -17994.000000000000000
3     35    -17965.000000000000000
3     36    -17705.000000000000000
3     37    -17521.000000000000000
3     38    -17968.000000000000000
3     39    -17384.000000000000000
3     40    -17512.000000000000000
3     41    -17743.000000000000000
3     42    -16278.000000000000000
3     43    -18000.000000000000000
3     44    -17442.000000000000000
3     45    -17922.000000000000000
3     46    -16779.000000000000000
3     47    -17326.000000000000000
3     48    -17326.000000000000000
3     49    -17154.000000000000000
3     50    -17167.000000000000000
3     51    -17219.000000000000000
3     52    -16091.000000000000000
4     5     -17487.000000000000000
4     6     -17754.000000000000000
4     7     -17578.000000000000000
4     8     -18073.000000000000000
4     9     -17403.000000000000000
4     10    -17844.000000000000000
4     11    -18030.000000000000000
4     12    -16846.000000000000000
4     13    -17950.000000000000000
4     14    -17328.000000000000000
4     15    -17645.000000000000000
4     16    -16846.000000000000000
4     17    -17950.000000000000000
4     18    -17328.000000000000000
4     19    -17645.000000000000000
4     20    -17118.000000000000000
4     21    -17623.000000000000000
4     22    -17528.000000000000000
4     23    -18055.000000000000000
4     24    -17390.000000000000000
4     25    -18065.000000000000000
4     26    -17959.000000000000000
4     27    -17818.000000000000000
4     28    -16384.000000000000000
4     29    -17377.000000000000000
4     30    -17672.000000000000000
4     31    -17568.000000000000000
4     32    -17469.000000000000000
4     33    -17412.000000000000000
4     34    -18004.000000000000000
4     35    -17965.000000000000000
4     36    -17737.000000000000000
4     37    -17575.000000000000000
4     38    -17972.000000000000000
4     39    -17400.000000000000000
4     40    -17539.000000000000000
4     41    -17758.000000000000000
4     42    -17676.000000000000000
4     43    -16670.000000000000000
4     44    -17304.000000000000000
4     45    -17394.000000000000000
4     46    -17445.000000000000000
4     47    -17422.000000000000000
4     48    -17392.000000000000000
4     49    -17448.000000000000000
4     50    -17445.000000000000000
4     51    -17462.000000000000000
4     52    -17861.000000000000000
5     6     -13766.000000000000000
5     7     -16756.000000000000000
5     8     -18086.000000000000000
5     9     -17939.000000000000000
5     10    -16743.000000000000000
5     11    -17425.000000000000000
5     12    -17633.000000000000000
5     13    -16434.000000000000000
5     14    -17137.000000000000000
5     15    -16480.000000000000000
5     16    -17633.000000000000000
5     17    -16434.000000000000000
5     18    -17137.000000000000000
5     19    -16480.000000000000000
5     20    -17222.000000000000000
5     21    -16305.000000000000000
5     22    -17962.000000000000000
5     23    -16438.000000000000000
5     24    -16961.000000000000000
5     25    -16532.000000000000000
5     26    -16540.000000000000000
5     27    -17634.000000000000000
5     28    -17746.000000000000000
5     29    -18059.000000000000000
5     30    -17780.000000000000000
5     31    -17937.000000000000000
5     32    -17949.000000000000000
5     33    -17444.000000000000000
5     34    -18010.000000000000000
5     35    -17988.000000000000000
5     36    -17867.000000000000000
5     37    -17854.000000000000000
5     38    -18012.000000000000000
5     39    -17888.000000000000000
5     40    -17916.000000000000000
5     41    -17990.000000000000000
5     42    -16900.000000000000000
5     43    -16637.000000000000000
5     44    -16658.000000000000000
5     45    -15663.000000000000000
5     46    -17829.000000000000000
5     47    -17950.000000000000000
5     48    -17963.000000000000000
5     49    -17874.000000000000000
5     50    -17920.000000000000000
5     51    -17903.000000000000000
5     52    -16495.000000000000000
6     7     -15644.000000000000000
6     8     -18083.000000000000000
6     9     -17782.000000000000000
6     10    -15483.000000000000000
6     11    -17472.000000000000000
6     12    -17409.000000000000000
6     13    -14864.000000000000000
6     14    -16581.000000000000000
6     15    -15435.000000000000000
6     16    -17409.000000000000000
6     17    -14864.000000000000000
6     18    -16581.000000000000000
6     19    -15435.000000000000000
6     20    -17716.000000000000000
6     21    -16024.000000000000000
6     22    -17822.000000000000000
6     23    -14714.000000000000000
6     24    -16278.000000000000000
6     25    -15766.000000000000000
6     26    -16640.000000000000000
6     27    -16911.000000000000000
6     28    -17333.000000000000000
6     29    -17462.000000000000000
6     30    -17068.000000000000000
6     31    -17387.000000000000000
6     32    -17846.000000000000000
6     33    -16089.000000000000000
6     34    -18003.000000000000000
6     35    -17980.000000000000000
6     36    -17819.000000000000000
6     37    -17715.000000000000000
6     38    -17992.000000000000000
6     39    -17703.000000000000000
6     40    -17765.000000000000000
6     41    -17911.000000000000000
6     42    -16554.000000000000000
6     43    -16076.000000000000000
6     44    -16015.000000000000000
6     45    -14760.000000000000000
6     46    -17660.000000000000000
6     47    -17862.000000000000000
6     48    -17859.000000000000000
6     49    -17763.000000000000000
6     50    -17799.000000000000000
6     51    -17796.000000000000000
6     52    -15333.000000000000000
7     8     -18083.000000000000000
7     9     -17906.000000000000000
7     10    -16802.000000000000000
7     11    -17418.000000000000000
7     12    -17903.000000000000000
7     13    -16335.000000000000000
7     14    -17331.000000000000000
7     15    -16308.000000000000000
7     16    -17903.000000000000000
7     17    -16335.000000000000000
7     18    -17331.000000000000000
7     19    -16308.000000000000000
7     20    -16928.000000000000000
7     21    -17464.000000000000000
7     22    -17947.000000000000000
7     23    -16407.000000000000000
7     24    -17422.000000000000000
7     25    -16067.000000000000000
7     26    -16611.000000000000000
7     27    -17497.000000000000000
7     28    -17680.000000000000000
7     29    -17321.000000000000000
7     30    -17435.000000000000000
7     31    -17638.000000000000000
7     32    -17911.000000000000000
7     33    -16955.000000000000000
7     34    -18037.000000000000000
7     35    -18024.000000000000000
7     36    -17914.000000000000000
7     37    -17880.000000000000000
7     38    -18035.000000000000000
7     39    -17907.000000000000000
7     40    -17935.000000000000000
7     41    -18011.000000000000000
7     42    -17449.000000000000000
7     43    -17192.000000000000000
7     44    -17254.000000000000000
7     45    -16544.000000000000000
7     46    -17881.000000000000000
7     47    -17983.000000000000000
7     48    -17989.000000000000000
7     49    -17924.000000000000000
7     50    -17965.000000000000000
7     51    -17960.000000000000000
7     52    -16482.000000000000000
8     9     -18080.000000000000000
8     10    -18077.000000000000000
8     11    -18066.000000000000000
8     12    -18079.000000000000000
8     13    -18073.000000000000000
8     14    -18081.000000000000000
8     15    -18070.000000000000000
8     16    -18079.000000000000000
8     17    -18073.000000000000000
8     18    -18081.000000000000000
8     19    -18070.000000000000000
8     20    -18071.000000000000000
8     21    -18067.000000000000000
8     22    -18083.000000000000000
8     23    -18076.000000000000000
8     24    -18070.000000000000000
8     25    -18075.000000000000000
8     26    -18071.000000000000000
8     27    -18077.000000000000000
8     28    -18082.000000000000000
8     29    -18072.000000000000000
8     30    -18077.000000000000000
8     31    -18077.000000000000000
8     32    -18088.000000000000000
8     33    -18073.000000000000000
8     34    -18088.000000000000000
8     35    -18088.000000000000000
8     36    -18088.000000000000000
8     37    -18086.000000000000000
8     38    -18087.000000000000000
8     39    -18087.000000000000000
8     40    -18087.000000000000000
8     41    -18086.000000000000000
8     42    -18083.000000000000000
8     43    -18079.000000000000000
8     44    -18079.000000000000000
8     45    -18071.000000000000000
8     46    -18084.000000000000000
8     47    -18086.000000000000000
8     48    -18086.000000000000000
8     49    -18085.000000000000000
8     50    -18087.000000000000000
8     51    -18085.000000000000000
8     52    -18076.000000000000000
9     10    -17914.000000000000000
9     11    -16778.000000000000000
9     12    -17787.000000000000000
9     13    -17537.000000000000000
9     14    -17765.000000000000000
9     15    -17401.000000000000000
9     16    -17787.000000000000000
9     17    -17537.000000000000000
9     18    -17765.000000000000000
9     19    -17401.000000000000000
9     20    -17358.000000000000000
9     21    -17784.000000000000000
9     22    -18012.000000000000000
9     23    -17524.000000000000000
9     24    -17498.000000000000000
9     25    -17368.000000000000000
9     26    -17373.000000000000000
9     27    -17844.000000000000000
9     28    -17740.000000000000000
9     29    -17309.000000000000000
9     30    -17741.000000000000000
9     31    -17748.000000000000000
9     32    -18070.000000000000000
9     33    -17629.000000000000000
9     34    -18077.000000000000000
9     35    -18075.000000000000000
9     36    -18050.000000000000000
9     37    -18043.000000000000000
9     38    -18084.000000000000000
9     39    -18025.000000000000000
9     40    -18042.000000000000000
9     41    -18062.000000000000000
9     42    -17936.000000000000000
9     43    -17780.000000000000000
9     44    -17761.000000000000000
9     45    -17500.000000000000000
9     46    -17845.000000000000000
9     47    -17896.000000000000000
9     48    -17882.000000000000000
9     49    -17888.000000000000000
9     50    -17877.000000000000000
9     51    -17884.000000000000000
9     52    -17706.000000000000000
10    11    -12120.000000000000000
10    12    -16365.000000000000000
10    13    -16402.000000000000000
10    14    -15698.000000000000000
10    15    -16757.000000000000000
10    16    -16365.000000000000000
10    17    -16402.000000000000000
10    18    -15698.000000000000000
10    19    -16757.000000000000000
10    20    -16236.000000000000000
10    21    -17523.000000000000000
10    22    -17461.000000000000000
10    23    -16565.000000000000000
10    24    -16202.000000000000000
10    25    -17246.000000000000000
10    26    -16954.000000000000000
10    27    -16204.000000000000000
10    28    -15727.000000000000000
10    29    -17335.000000000000000
10    30    -16114.000000000000000
10    31    -16429.000000000000000
10    32    -17729.000000000000000
10    33    -16426.000000000000000
10    34    -18034.000000000000000
10    35    -18015.000000000000000
10    36    -17844.000000000000000
10    37    -17747.000000000000000
10    38    -18003.000000000000000
10    39    -17619.000000000000000
10    40    -17725.000000000000000
10    41    -17854.000000000000000
10    42    -16754.000000000000000
10    43    -15568.000000000000000
10    44    -15479.000000000000000
10    45    -16860.000000000000000
10    46    -16842.000000000000000
10    47    -17331.000000000000000
10    48    -17302.000000000000000
10    49    -17227.000000000000000
10    50    -17152.000000000000000
10    51    -17216.000000000000000
10    52    -15567.000000000000000
11    12    -17326.000000000000000
11    13    -18008.000000000000000
11    14    -17366.000000000000000
11    15    -17647.000000000000000
11    16    -17326.000000000000000
11    17    -18008.000000000000000
11    18    -17366.000000000000000
11    19    -17647.000000000000000
11    20    -17756.000000000000000
11    21    -17917.000000000000000
11    22    -17478.000000000000000
11    23    -18001.000000000000000
11    24    -17484.000000000000000
11    25    -17764.000000000000000
11    26    -18012.000000000000000
11    27    -17538.000000000000000
11    28    -17654.000000000000000
11    29    -17931.000000000000000
11    30    -17428.000000000000000
11    31    -17442.000000000000000
11    32    -17463.000000000000000
11    33    -17986.000000000000000
11    34    -18015.000000000000000
11    35    -17988.000000000000000
11    36    -17771.000000000000000
11    37    -17606.000000000000000
11    38    -17982.000000000000000
11    39    -17478.000000000000000
11    40    -17590.000000000000000
11    41    -17760.000000000000000
11    42    -17430.000000000000000
11    43    -17602.000000000000000
11    44    -17534.000000000000000
11    45    -17920.000000000000000
11    46    -17255.000000000000000
11    47    -17270.000000000000000
11    48    -17204.000000000000000
11    49    -17330.000000000000000
11    50    -17215.000000000000000
11    51    -17198.000000000000000
11    52    -18087.000000000000000
12    13    -14819.000000000000000
12    14    -15344.000000000000000
12    15    -15785.000000000000000
12    16    -13566.000000000000000
12    17    -14819.000000000000000
12    18    -15344.000000000000000
12    19    -15785.000000000000000
12    20    -16025.000000000000000
12    21    -17751.000000000000000
12    22    -17787.000000000000000
12    23    -17046.000000000000000
12    24    -15314.000000000000000
12    25    -16628.000000000000000
12    26    -16012.000000000000000
12    27    -17400.000000000000000
12    28    -16850.000000000000000
12    29    -16793.000000000000000
12    30    -17297.000000000000000
12    31    -17445.000000000000000
12    32    -17911.000000000000000
12    33    -16732.000000000000000
12    34    -18085.000000000000000
12    35    -18083.000000000000000
12    36    -18076.000000000000000
12    37    -18054.000000000000000
12    38    -18064.000000000000000
12    39    -17985.000000000000000
12    40    -18015.000000000000000
12    41    -18031.000000000000000
12    42    -17755.000000000000000
12    43    -16901.000000000000000
12    44    -17071.000000000000000
12    45    -16487.000000000000000
12    46    -17214.000000000000000
12    47    -17483.000000000000000
12    48    -17444.000000000000000
12    49    -17467.000000000000000
12    50    -17344.000000000000000
12    51    -17361.000000000000000
12    52    -17817.000000000000000
13    14    -15277.000000000000000
13    15    -17618.000000000000000
13    16    -14819.000000000000000
13    17    -5688.000000000000000
13    18    -15277.000000000000000
13    19    -17618.000000000000000
13    20    -16930.000000000000000
13    21    -17438.000000000000000
13    22    -17646.000000000000000
13    23    -13173.000000000000000
13    24    -17347.000000000000000
13    25    -15666.000000000000000
13    26    -14951.000000000000000
13    27    -16475.000000000000000
13    28    -16216.000000000000000
13    29    -17561.000000000000000
13    30    -16484.000000000000000
13    31    -17064.000000000000000
13    32    -17506.000000000000000
13    33    -16728.000000000000000
13    34    -17944.000000000000000
13    35    -17900.000000000000000
13    36    -17561.000000000000000
13    37    -17494.000000000000000
13    38    -17954.000000000000000
13    39    -17451.000000000000000
13    40    -17547.000000000000000
13    41    -17782.000000000000000
13    42    -16361.000000000000000
13    43    -15190.000000000000000
13    44    -15324.000000000000000
13    45    -15622.000000000000000
13    46    -17084.000000000000000
13    47    -17500.000000000000000
13    48    -17552.000000000000000
13    49    -17350.000000000000000
13    50    -17436.000000000000000
13    51    -17418.000000000000000
13    52    -13426.000000000000000
14    15    -15321.000000000000000
14    16    -15344.000000000000000
14    17    -15277.000000000000000
14    18    -11492.000000000000000
14    19    -15321.000000000000000
14    20    -15644.000000000000000
14    21    -17920.000000000000000
14    22    -17778.000000000000000
14    23    -15421.000000000000000
14    24    -15613.000000000000000
14    25    -15522.000000000000000
14    26    -16122.000000000000000
14    27    -17059.000000000000000
14    28    -16882.000000000000000
14    29    -17319.000000000000000
14    30    -17156.000000000000000
14    31    -17429.000000000000000
14    32    -17809.000000000000000
14    33    -16056.000000000000000
14    34    -18008.000000000000000
14    35    -17989.000000000000000
14    36    -17864.000000000000000
14    37    -17858.000000000000000
14    38    -18027.000000000000000
14    39    -17832.000000000000000
14    40    -17876.000000000000000
14    41    -17951.000000000000000
14    42    -17239.000000000000000
14    43    -16505.000000000000000
14    44    -16530.000000000000000
14    45    -15507.000000000000000
14    46    -17305.000000000000000
14    47    -17592.000000000000000
14    48    -17580.000000000000000
14    49    -17517.000000000000000
14    50    -17493.000000000000000
14    51    -17519.000000000000000
14    52    -16394.000000000000000
15    16    -15785.000000000000000
15    17    -17618.000000000000000
15    18    -15321.000000000000000
15    19    -4171.000000000000000
15    20    -16701.000000000000000
15    21    -17494.000000000000000
15    22    -17496.000000000000000
15    23    -16526.000000000000000
15    24    -17307.000000000000000
15    25    -17005.000000000000000
15    26    -17739.000000000000000
15    27    -15973.000000000000000
15    28    -15370.000000000000000
15    29    -17068.000000000000000
15    30    -16121.000000000000000
15    31    -16655.000000000000000
15    32    -17577.000000000000000
15    33    -16005.000000000000000
15    34    -18036.000000000000000
15    35    -18013.000000000000000
15    36    -17826.000000000000000
15    37    -17666.000000000000000
15    38    -17992.000000000000000
15    39    -17511.000000000000000
15    40    -17626.000000000000000
15    41    -17798.000000000000000
15    42    -16467.000000000000000
15    43    -14811.000000000000000
15    44    -15381.000000000000000
15    45    -16545.000000000000000
15    46    -17023.000000000000000
15    47    -17472.000000000000000
15    48    -17466.000000000000000
15    49    -17343.000000000000000
15    50    -17361.000000000000000
15    51    -17365.000000000000000
15    52    -15860.000000000000000
16    17    -14819.000000000000000
16    18    -15344.000000000000000
16    19    -15785.000000000000000
16    20    -16025.000000000000000
16    21    -17751.000000000000000
16    22    -17787.000000000000000
16    23    -17046.000000000000000
16    24    -15314.000000000000000
16    25    -16628.000000000000000
16    26    -16012.000000000000000
16    27    -17400.000000000000000
16    28    -16850.000000000000000
16    29    -16793.000000000000000
16    30    -17297.000000000000000
16    31    -17445.000000000000000
16    32    -17911.000000000000000
16    33    -16732.000000000000000
16    34    -18085.000000000000000
16    35    -18083.000000000000000
16    36    -18076.000000000000000
16    37    -18054.000000000000000
16    38    -18064.000000000000000
16    39    -17985.000000000000000
16    40    -18015.000000000000000
16    41    -18031.000000000000000
16    42    -17755.000000000000000
16    43    -16901.000000000000000
16    44    -17071.000000000000000
16    45    -16487.000000000000000
16    46    -17214.000000000000000
16    47    -17483.000000000000000
16    48    -17444.000000000000000
16    49    -17467.000000000000000
16    50    -17344.000000000000000
16    51    -17361.000000000000000
16    52    -17817.000000000000000
17    18    -15277.000000000000000
17    19    -17618.000000000000000
17    20    -16930.000000000000000
17    21    -17438.000000000000000
17    22    -17646.000000000000000
17    23    -13173.000000000000000
17    24    -17347.000000000000000
17    25    -15666.000000000000000
17    26    -14951.000000000000000
17    27    -16475.000000000000000
17    28    -16216.000000000000000
17    29    -17561.000000000000000
17    30    -16484.000000000000000
17    31    -17064.000000000000000
17    32    -17506.000000000000000
17    33    -16728.000000000000000
17    34    -17944.000000000000000
17    35    -17900.000000000000000
17    36    -17561.000000000000000
17    37    -17494.000000000000000
17    38    -17954.000000000000000
17    39    -17451.000000000000000
17    40    -17547.000000000000000
17    41    -17782.000000000000000
17    42    -16361.000000000000000
17    43    -15190.000000000000000
17    44    -15324.000000000000000
17    45    -15622.000000000000000
17    46    -17084.000000000000000
17    47    -17500.000000000000000
17    48    -17552.000000000000000
17    49    -17350.000000000000000
17    50    -17436.000000000000000
17    51    -17418.000000000000000
17    52    -13426.000000000000000
18    19    -15321.000000000000000
18    20    -15644.000000000000000
18    21    -17920.000000000000000
18    22    -17778.000000000000000
18    23    -15421.000000000000000
18    24    -15613.000000000000000
18    25    -15522.000000000000000
18    26    -16122.000000000000000
18    27    -17059.000000000000000
18    28    -16882.000000000000000
18    29    -17319.000000000000000
18    30    -17156.000000000000000
18    31    -17429.000000000000000
18    32    -17809.000000000000000
18    33    -16056.000000000000000
18    34    -18008.000000000000000
18    35    -17989.000000000000000
18    36    -17864.000000000000000
18    37    -17858.000000000000000
18    38    -18027.000000000000000
18    39    -17832.000000000000000
18    40    -17876.000000000000000
18    41    -17951.000000000000000
18    42    -17239.000000000000000
18    43    -16505.000000000000000
18    44    -16530.000000000000000
18    45    -15507.000000000000000
18    46    -17305.000000000000000
18    47    -17592.000000000000000
18    48    -17580.000000000000000
18    49    -17517.000000000000000
18    50    -17493.000000000000000
18    51    -17519.000000000000000
18    52    -16394.000000000000000
19    20    -16701.000000000000000
19    21    -17494.000000000000000
19    22    -17496.000000000000000
19    23    -16526.000000000000000
19    24    -17307.000000000000000
19    25    -17005.000000000000000
19    26    -17739.000000000000000
19    27    -15973.000000000000000
19    28    -15370.000000000000000
19    29    -17068.000000000000000
19    30    -16121.000000000000000
19    31    -16655.000000000000000
19    32    -17577.000000000000000
19    33    -16005.000000000000000
19    34    -18036.000000000000000
19    35    -18013.000000000000000
19    36    -17826.000000000000000
19    37    -17666.000000000000000
19    38    -17992.000000000000000
19    39    -17511.000000000000000
19    40    -17626.000000000000000
19    41    -17798.000000000000000
19    42    -16467.000000000000000
19    43    -14811.000000000000000
19    44    -15381.000000000000000
19    45    -16545.000000000000000
19    46    -17023.000000000000000
19    47    -17472.000000000000000
19    48    -17466.000000000000000
19    49    -17343.000000000000000
19    50    -17361.000000000000000
19    51    -17365.000000000000000
19    52    -15860.000000000000000
20    21    -6093.000000000000000
20    22    -16963.000000000000000
20    23    -17449.000000000000000
20    24    -15054.000000000000000
20    25    -16606.000000000000000
20    26    -17774.000000000000000
20    27    -16206.000000000000000
20    28    -12483.000000000000000
20    29    -7767.000000000000000
20    30    -15547.000000000000000
20    31    -16107.000000000000000
20    32    -17554.000000000000000
20    33    -12158.000000000000000
20    34    -18069.000000000000000
20    35    -18038.000000000000000
20    36    -17992.000000000000000
20    37    -17953.000000000000000
20    38    -17998.000000000000000
20    39    -17761.000000000000000
20    40    -17890.000000000000000
20    41    -17882.000000000000000
20    42    -17141.000000000000000
20    43    -14626.000000000000000
20    44    -15054.000000000000000
20    45    -17206.000000000000000
20    46    -17033.000000000000000
20    47    -17460.000000000000000
20    48    -17426.000000000000000
20    49    -17363.000000000000000
20    50    -17311.000000000000000
20    51    -17339.000000000000000
20    52    -14830.000000000000000
21    22    -17199.000000000000000
21    23    -17361.000000000000000
21    24    -16749.000000000000000
21    25    -17043.000000000000000
21    26    -17956.000000000000000
21    27    -16795.000000000000000
21    28    -12257.000000000000000
21    29    -6770.000000000000000
21    30    -16807.000000000000000
21    31    -16731.000000000000000
21    32    -18011.000000000000000
21    33    -11775.000000000000000
21    34    -18056.000000000000000
21    35    -18002.000000000000000
21    36    -17800.000000000000000
21    37    -17604.000000000000000
21    38    -17968.000000000000000
21    39    -17702.000000000000000
21    40    -17656.000000000000000
21    41    -18027.000000000000000
21    42    -16910.000000000000000
21    43    -17617.000000000000000
21    44    -17651.000000000000000
21    45    -17644.000000000000000
21    46    -17961.000000000000000
21    47    -18010.000000000000000
21    48    -18071.000000000000000
21    49    -18004.000000000000000
21    50    -18079.000000000000000
21    51    -18068.000000000000000
21    52    -11659.000000000000000
22    23    -17611.000000000000000
22    24    -17444.000000000000000
22    25    -17411.000000000000000
22    26    -17386.000000000000000
22    27    -17435.000000000000000
22    28    -17844.000000000000000
22    29    -17235.000000000000000
22    30    -17628.000000000000000
22    31    -17706.000000000000000
22    32    -18000.000000000000000
22    33    -17158.000000000000000
22    34    -18085.000000000000000
22    35    -18079.000000000000000
22    36    -18079.000000000000000
22    37    -18068.000000000000000
22    38    -18073.000000000000000
22    39    -18059.000000000000000
22    40    -18063.000000000000000
22    41    -18070.000000000000000
22    42    -17958.000000000000000
22    43    -17840.000000000000000
22    44    -17729.000000000000000
22    45    -17557.000000000000000
22    46    -17825.000000000000000
22    47    -17926.000000000000000
22    48    -17930.000000000000000
22    49    -17926.000000000000000
22    50    -17893.000000000000000
22    51    -17914.000000000000000
22    52    -17957.000000000000000
23    24    -17014.000000000000000
23    25    -12349.000000000000000
23    26    -12340.000000000000000
23    27    -16327.000000000000000
23    28    -16126.000000000000000
23    29    -17840.000000000000000
23    30    -16466.000000000000000
23    31    -16985.000000000000000
23    32    -17591.000000000000000
23    33    -16675.000000000000000
23    34    -17973.000000000000000
23    35    -17944.000000000000000
23    36    -17683.000000000000000
23    37    -17569.000000000000000
23    38    -17988.000000000000000
23    39    -17458.000000000000000
23    40    -17562.000000000000000
23    41    -17803.000000000000000
23    42    -16200.000000000000000
23    43    -14944.000000000000000
23    44    -15073.000000000000000
23    45    -15603.000000000000000
23    46    -17276.000000000000000
23    47    -17660.000000000000000
23    48    -17674.000000000000000
23    49    -17495.000000000000000
23    50    -17572.000000000000000
23    51    -17606.000000000000000
23    52    -13814.000000000000000
24    25    -15736.000000000000000
24    26    -17542.000000000000000
24    27    -16295.000000000000000
24    28    -15219.000000000000000
24    29    -16819.000000000000000
24    30    -15976.000000000000000
24    31    -16437.000000000000000
24    32    -17649.000000000000000
24    33    -16622.000000000000000
24    34    -18079.000000000000000
24    35    -18068.000000000000000
24    36    -18032.000000000000000
24    37    -17933.000000000000000
24    38    -18038.000000000000000
24    39    -17768.000000000000000
24    40    -17843.000000000000000
24    41    -17928.000000000000000
24    42    -16911.000000000000000
24    43    -15447.000000000000000
24    44    -15468.000000000000000
24    45    -17312.000000000000000
24    46    -16880.000000000000000
24    47    -17295.000000000000000
24    48    -17275.000000000000000
24    49    -17276.000000000000000
24    50    -17127.000000000000000
24    51    -17158.000000000000000
24    52    -17956.000000000000000
25    26    -16302.000000000000000
25    27    -15365.000000000000000
25    28    -16148.000000000000000
25    29    -16685.000000000000000
25    30    -15950.000000000000000
25    31    -16554.000000000000000
25    32    -17495.000000000000000
25    33    -15452.000000000000000
25    34    -17990.000000000000000
25    35    -17962.000000000000000
25    36    -17759.000000000000000
25    37    -17605.000000000000000
25    38    -17980.000000000000000
25    39    -17492.000000000000000
25    40    -17597.000000000000000
25    41    -17793.000000000000000
25    42    -16369.000000000000000
25    43    -16490.000000000000000
25    44    -16480.000000000000000
25    45    -17656.000000000000000
25    46    -16953.000000000000000
25    47    -17388.000000000000000
25    48    -17390.000000000000000
25    49    -17279.000000000000000
25    50    -17283.000000000000000
25    51    -17324.000000000000000
25    52    -16803.000000000000000
26    27    -15710.000000000000000
26    28    -16130.000000000000000
26    29    -17826.000000000000000
26    30    -15937.000000000000000
26    31    -16477.000000000000000
26    32    -17556.000000000000000
26    33    -17310.000000000000000
26    34    -18066.000000000000000
26    35    -18051.000000000000000
26    36    -17971.000000000000000
26    37    -17789.000000000000000
26    38    -18013.000000000000000
26    39    -17594.000000000000000
26    40    -17717.000000000000000
26    41    -17846.000000000000000
26    42    -16787.000000000000000
26    43    -17790.000000000000000
26    44    -17520.000000000000000
26    45    -16593.000000000000000
26    46    -16880.000000000000000
26    47    -17318.000000000000000
26    48    -17280.000000000000000
26    49    -17255.000000000000000
26    50    -17150.000000000000000
26    51    -17217.000000000000000
26    52    -17692.000000000000000
27    28    -18088.000000000000000
27    29    -17644.000000000000000
27    30    -16781.000000000000000
27    31    -17031.000000000000000
27    32    -17880.000000000000000
27    33    -13439.000000000000000
27    34    -18072.000000000000000
27    35    -18057.000000000000000
27    36    -18005.000000000000000
27    37    -17953.000000000000000
27    38    -18051.000000000000000
27    39    -17942.000000000000000
27    40    -17954.000000000000000
27    41    -18003.000000000000000
27    42    -17737.000000000000000
27    43    -17145.000000000000000
27    44    -16841.000000000000000
27    45    -16185.000000000000000
27    46    -17621.000000000000000
27    47    -17832.000000000000000
27    48    -17798.000000000000000
27    49    -17751.000000000000000
27    50    -17734.000000000000000
27    51    -17748.000000000000000
27    52    -17012.000000000000000
28    29    -12735.000000000000000
28    30    -16945.000000000000000
28    31    -17262.000000000000000
28    32    -17768.000000000000000
28    33    -15255.000000000000000
28    34    -18084.000000000000000
28    35    -18077.000000000000000
28    36    -18073.000000000000000
28    37    -18060.000000000000000
28    38    -18065.000000000000000
28    39    -17959.000000000000000
28    40    -18020.000000000000000
28    41    -18013.000000000000000
28    42    -17812.000000000000000
28    43    -16027.000000000000000
28    44    -16524.000000000000000
28    45    -15613.000000000000000
28    46    -17549.000000000000000
28    47    -17757.000000000000000
28    48    -17737.000000000000000
28    49    -17744.000000000000000
28    50    -17695.000000000000000
28    51    -17695.000000000000000
28    52    -17962.000000000000000
29    30    -16689.000000000000000
29    31    -16509.000000000000000
29    32    -17525.000000000000000
29    33    -11463.000000000000000
29    34    -18049.000000000000000
29    35    -18007.000000000000000
29    36    -17893.000000000000000
29    37    -17833.000000000000000
29    38    -17971.000000000000000
29    39    -17600.000000000000000
29    40    -17769.000000000000000
29    41    -17806.000000000000000
29    42    -17913.000000000000000
29    43    -16123.000000000000000
29    44    -16511.000000000000000
29    45    -17719.000000000000000
29    46    -17038.000000000000000
29    47    -17496.000000000000000
29    48    -17474.000000000000000
29    49    -17379.000000000000000
29    50    -17338.000000000000000
29    51    -17384.000000000000000
29    52    -14635.000000000000000
30    31    -14430.000000000000000
30    32    -16762.000000000000000
30    33    -15846.000000000000000
30    34    -18068.000000000000000
30    35    -18062.000000000000000
30    36    -18012.000000000000000
30    37    -17979.000000000000000
30    38    -18064.000000000000000
30    39    -17948.000000000000000
30    40    -17981.000000000000000
30    41    -18018.000000000000000
30    42    -17720.000000000000000
30    43    -17246.000000000000000
30    44    -17071.000000000000000
30    45    -16539.000000000000000
30    46    -17260.000000000000000
30    47    -17512.000000000000000
30    48    -17690.000000000000000
30    49    -17565.000000000000000
30    50    -17563.000000000000000
30    51    -17514.000000000000000
30    52    -17285.000000000000000
31    32    -17813.000000000000000
31    33    -16318.000000000000000
31    34    -18077.000000000000000
31    35    -18075.000000000000000
31    36    -18043.000000000000000
31    37    -18019.000000000000000
31    38    -18073.000000000000000
31    39    -17996.000000000000000
31    40    -18016.000000000000000
31    41    -18044.000000000000000
31    42    -17863.000000000000000
31    43    -17512.000000000000000
31    44    -17343.000000000000000
31    45    -16998.000000000000000
31    46    -17780.000000000000000
31    47    -17923.000000000000000
31    48    -17941.000000000000000
31    49    -17952.000000000000000
31    50    -17873.000000000000000
31    51    -17903.000000000000000
31    52    -17625.000000000000000
32    33    -17651.000000000000000
32    34    -18076.000000000000000
32    35    -18074.000000000000000
32    36    -18060.000000000000000
32    37    -18048.000000000000000
32    38    -18077.000000000000000
32    39    -18042.000000000000000
32    40    -18055.000000000000000
32    41    -18063.000000000000000
32    42    -17955.000000000000000
32    43    -17839.000000000000000
32    44    -17814.000000000000000
32    45    -17649.000000000000000
32    46    -17463.000000000000000
32    47    -17626.000000000000000
32    48    -17787.000000000000000
32    49    -17625.000000000000000
32    50    -17688.000000000000000
32    51    -17627.000000000000000
32    52    -17764.000000000000000
33    34    -18063.000000000000000
33    35    -18048.000000000000000
33    36    -17963.000000000000000
33    37    -17903.000000000000000
33    38    -18019.000000000000000
33    39    -17775.000000000000000
33    40    -17867.000000000000000
33    41    -17902.000000000000000
33    42    -17463.000000000000000
33    43    -15420.000000000000000
33    44    -15301.000000000000000
33    45    -17048.000000000000000
33    46    -17251.000000000000000
33    47    -17645.000000000000000
33    48    -17602.000000000000000
33    49    -17554.000000000000000
33    50    -17485.000000000000000
33    51    -17533.000000000000000
33    52    -18085.000000000000000
34    35    -17903.000000000000000
34    36    -17903.000000000000000
34    37    -17903.000000000000000
34    38    -18088.000000000000000
34    39    -18088.000000000000000
34    40    -18088.000000000000000
34    41    -18088.000000000000000
34    42    -18016.000000000000000
34    43    -18022.000000000000000
34    44    -18022.000000000000000
34    45    -17988.000000000000000
34    46    -18078.000000000000000
34    47    -18080.000000000000000
34    48    -18085.000000000000000
34    49    -18081.000000000000000
34    50    -18083.000000000000000
34    51    -18081.000000000000000
34    52    -17903.000000000000000
35    36    -17900.000000000000000
35    37    -17899.000000000000000
35    38    -18088.000000000000000
35    39    -18088.000000000000000
35    40    -18088.000000000000000
35    41    -18088.000000000000000
35    42    -17997.000000000000000
35    43    -17998.000000000000000
35    44    -18001.000000000000000
35    45    -17946.000000000000000
35    46    -18074.000000000000000
35    47    -18077.000000000000000
35    48    -18082.000000000000000
35    49    -18077.000000000000000
35    50    -18081.000000000000000
35    51    -18078.000000000000000
35    52    -17848.000000000000000
36    37    -17866.000000000000000
36    38    -18088.000000000000000
36    39    -18088.000000000000000
36    40    -18088.000000000000000
36    41    -18088.000000000000000
36    42    -17879.000000000000000
36    43    -17882.000000000000000
36    44    -17868.000000000000000
36    45    -17676.000000000000000
36    46    -18047.000000000000000
36    47    -18067.000000000000000
36    48    -18072.000000000000000
36    49    -18054.000000000000000
36    50    -18069.000000000000000
36    51    -18062.000000000000000
36    52    -17342.000000000000000
37    38    -18088.000000000000000
37    39    -18088.000000000000000
37    40    -18088.000000000000000
37    41    -18088.000000000000000
37    42    -17870.000000000000000
37    43    -17851.000000000000000
37    44    -17841.000000000000000
37    45    -17572.000000000000000
37    46    -18038.000000000000000
37    47    -18060.000000000000000
37    48    -18063.000000000000000
37    49    -18054.000000000000000
37    50    -18053.000000000000000
37    51    -18057.000000000000000
37    52    -17084.000000000000000
38    39    -18081.000000000000000
38    40    -18072.000000000000000
38    41    -18051.000000000000000
38    42    -18028.000000000000000
38    43    -18018.000000000000000
38    44    -18021.000000000000000
38    45    -17970.000000000000000
38    46    -18071.000000000000000
38    47    -18079.000000000000000
38    48    -18078.000000000000000
38    49    -18073.000000000000000
38    50    -18077.000000000000000
38    51    -18074.000000000000000
38    52    -17937.000000000000000
39    40    -16974.000000000000000
39    41    -17451.000000000000000
39    42    -17868.000000000000000
39    43    -17789.000000000000000
39    44    -17809.000000000000000
39    45    -17510.000000000000000
39    46    -18009.000000000000000
39    47    -18050.000000000000000
39    48    -18050.000000000000000
39    49    -18025.000000000000000
39    50    -18035.000000000000000
39    51    -18041.000000000000000
39    52    -17354.000000000000000
40    41    -17729.000000000000000
40    42    -17897.000000000000000
40    43    -17852.000000000000000
40    44    -17857.000000000000000
40    45    -17608.000000000000000
40    46    -18031.000000000000000
40    47    -18060.000000000000000
40    48    -18058.000000000000000
40    49    -18040.000000000000000
40    50    -18048.000000000000000
40    51    -18052.000000000000000
40    52    -17404.000000000000000
41    42    -17980.000000000000000
41    43    -17927.000000000000000
41    44    -17944.000000000000000
41    45    -17790.000000000000000
41    46    -18046.000000000000000
41    47    -18067.000000000000000
41    48    -18069.000000000000000
41    49    -18056.000000000000000
41    50    -18062.000000000000000
41    51    -18064.000000000000000
41    52    -17806.000000000000000
42    43    -14411.000000000000000
42    44    -14841.000000000000000
42    45    -15729.000000000000000
42    46    -17820.000000000000000
42    47    -17934.000000000000000
42    48    -17936.000000000000000
42    49    -17869.000000000000000
42    50    -17906.000000000000000
42    51    -17891.000000000000000
42    52    -16359.000000000000000
43    44    -14343.000000000000000
43    45    -13007.000000000000000
43    46    -17594.000000000000000
43    47    -17814.000000000000000
43    48    -17804.000000000000000
43    49    -17710.000000000000000
43    50    -17763.000000000000000
43    51    -17754.000000000000000
43    52    -16278.000000000000000
44    45    -13411.000000000000000
44    46    -17509.000000000000000
44    47    -17741.000000000000000
44    48    -17761.000000000000000
44    49    -17672.000000000000000
44    50    -17682.000000000000000
44    51    -17670.000000000000000
44    52    -16223.000000000000000
45    46    -17149.000000000000000
45    47    -17552.000000000000000
45    48    -17550.000000000000000
45    49    -17379.000000000000000
45    50    -17451.000000000000000
45    51    -17470.000000000000000
45    52    -14623.000000000000000
46    47    -16444.000000000000000
46    48    -16448.000000000000000
46    49    -16459.000000000000000
46    50    -16338.000000000000000
46    51    -16341.000000000000000
46    52    -17561.000000000000000
47    48    -16911.000000000000000
47    49    -17072.000000000000000
47    50    -16934.000000000000000
47    51    -16861.000000000000000
47    52    -17806.000000000000000
48    49    -16940.000000000000000
48    50    -16796.000000000000000
48    51    -16938.000000000000000
48    52    -17826.000000000000000
49    50    -16847.000000000000000
49    51    -16954.000000000000000
49    52    -17718.000000000000000
50    51    -16710.000000000000000
50    52    -17762.000000000000000
51    52    -17780.000000000000000
