1     2     .06639315
1     3     .01860172
1     4     .01491594
1     5     .01063620
1     6     .00957515
1     7     .00158625
1     8     .00008288
1     9     .00070404
1     10    .00090658
1     11    .00004037
1     12    .00408533
1     13    .00007897
1     14    .00029688
1     15    .00011961
1     16    .00408533
1     17    .00007897
1     18    .00029688
1     19    .00011961
1     20    .01458076
1     21    .03254218
1     22    .00029033
1     23    .00019478
1     24    .00013894
1     25    .00000364
1     26    .00027461
1     27    .00021401
1     28    .02290287
1     29    .01024851
1     30    .00067906
1     31    .00041876
1     32    .00024923
1     33    .00036833
1     34    .00021849
1     35    .00025869
1     36    .00130016
1     37    .00152108
1     38    .00077688
1     39    .00003493
1     40    .00010081
1     41    .00001023
1     42    .00017067
1     43    .00135205
1     44    .00029234
1     45    .00010335
1     46    .00012055
1     47    .00032119
1     48    .00033376
1     49    .00021552
1     50    .00009491
1     51    .00030130
1     52    .00268902
2     3     .00199852
2     4     .00019252
2     5     .00413062
2     6     .00914961
2     7     .00405577
2     8     .00000267
2     9     .00075904
2     10    .00085796
2     11    .00024299
2     12    .00417695
2     13    .00096893
2     14    .00004293
2     15    .00000471
2     16    .00417695
2     17    .00096893
2     18    .00004293
2     19    .00000471
2     20    .08063633
2     21    .03314967
2     22    .00089165
2     23    .00023683
2     24    .00493974
2     25    .00000694
2     26    .00000209
2     27    .00557183
2     28    .06079783
2     29    .03548263
2     30    .00001026
2     31    .00000185
2     32    .00006790
2     33    .00229141
2     34    .00074981
2     35    .00094707
2     36    .00251192
2     37    .00242466
2     38    .00022829
2     39    .00109544
2     40    .00131497
2     41    .00026146
2     42    .00411629
2     43    .00236816
2     44    .00015966
2     45    .00004143
2     46    .00012475
2     47    .00022448
2     48    .00039608
2     49    .00020886
2     50    .00007823
2     51    .00009806
2     52    .03682560
3     4     .00001105
3     5     .00070963
3     6     .00153809
3     7     .00036865
3     8     .00000357
3     9     .00012360
3     10    .00026828
3     11    .00014100
3     12    .00117865
3     13    .00020862
3     14    .00002724
3     15    .00094799
3     16    .00117865
3     17    .00020862
3     18    .00002724
3     19    .00094799
3     20    .01681786
3     21    .01136960
3     22    .00055422
3     23    .00024782
3     24    .00124488
3     25    .00002704
3     26    .00009955
3     27    .00062254
3     28    .02817081
3     29    .00932666
3     30    .00004615
3     31    .00000183
3     32    .00002640
3     33    .00142677
3     34    .00004924
3     35    .00004471
3     36    .00022123
3     37    .00049314
3     38    .00001333
3     39    .00022086
3     40    .00022493
3     41    .00017000
3     42    .00103073
3     43    .00305998
3     44    .00049657
3     45    .00014547
3     46    .00017730
3     47    .00002300
3     48    .00000992
3     49    .00018698
3     50    .00005184
3     51    .00000735
3     52    .00358704
4     5     .00000503
4     6     .00002456
4     7     .00002933
4     8     .00005963
4     9     .00000028
4     10    .00000065
4     11    .00000167
4     12    .00233099
4     13    .00002331
4     14    .00029781
4     15    .00017055
4     16    .00233099
4     17    .00002331
4     18    .00029781
4     19    .00017055
4     20    .00147484
4     21    .00046328
4     22    .00020223
4     23    .00007354
4     24    .00049472
4     25    .00004547
4     26    .00015592
4     27    .00026623
4     28    .00563510
4     29    .00090810
4     30    .00007056
4     31    .00003720
4     32    .00001702
4     33    .00043196
4     34    .00000945
4     35    .00000696
4     36    .00000776
4     37    .00000161
4     38    .00000728
4     39    .00000122
4     40    .00000118
4     41    .00000118
4     42    .00014817
4     43    .00321688
4     44    .00040826
4     45    .00063144
4     46    .00000035
4     47    .00000317
4     48    .00000279
4     49    .00000986
4     50    .00000692
4     51    .00002265
4     52    .00006650
5     6     .30574977
5     7     .02888282
5     8     .00005552
5     9     .00035329
5     10    .00063675
5     11    .00004674
5     12    .00038019
5     13    .00063554
5     14    .00085889
5     15    .00008290
5     16    .00038019
5     17    .00063554
5     18    .00085889
5     19    .00008290
5     20    .01516095
5     21    .01994171
5     22    .00058313
5     23    .00015859
5     24    .00237547
5     25    .00160570
5     26    .00125645
5     27    .00195239
5     28    .00779093
5     29    .01029004
5     30    .00451632
5     31    .00602089
5     32    .00006159
5     33    .01583919
5     34    .00213563
5     35    .00258442
5     36    .00334534
5     37    .00164956
5     38    .00118310
5     39    .00011074
5     40    .00017930
5     41    .00007034
5     42    .01931090
5     43    .00840701
5     44    .00751124
5     45    .01236630
5     46    .00038321
5     47    .00046279
5     48    .00073816
5     49    .00003141
5     50    .00051163
5     51    .00020391
5     52    .00687729
6     7     .06510879
6     8     .00006112
6     9     .00029329
6     10    .00033301
6     11    .00012381
6     12    .00308348
6     13    .00362337
6     14    .00008310
6     15    .00032437
6     16    .00308348
6     17    .00362337
6     18    .00008310
6     19    .00032437
6     20    .01439504
6     21    .01530092
6     22    .00055664
6     23    .00363346
6     24    .00991351
6     25    .00171149
6     26    .00038557
6     27    .00003481
6     28    .01054509
6     29    .00867009
6     30    .00021444
6     31    .00036632
6     32    .00022320
6     33    .00510174
6     34    .00105019
6     35    .00117024
6     36    .00154814
6     37    .00186070
6     38    .00067874
6     39    .00042794
6     40    .00048593
6     41    .00012764
6     42    .01098323
6     43    .00234553
6     44    .00296143
6     45    .00314667
6     46    .00146362
6     47    .00147958
6     48    .00147589
6     49    .00064079
6     50    .00137607
6     51    .00107938
6     52    .01011221
7     8     .00000019
7     9     .00000388
7     10    .00034880
7     11    .00004411
7     12    .00646564
7     13    .00327066
7     14    .00001655
7     15    .00119801
7     16    .00646564
7     17    .00327066
7     18    .00001655
7     19    .00119801
7     20    .00360711
7     21    .00328026
7     22    .00018851
7     23    .00119251
7     24    .01262157
7     25    .00232144
7     26    .00080265
7     27    .00003277
7     28    .00411356
7     29    .00208457
7     30    .00034732
7     31    .00010472
7     32    .00012639
7     33    .00084459
7     34    .00075371
7     35    .00083277
7     36    .00178081
7     37    .00124740
7     38    .00040844
7     39    .00006797
7     40    .00010081
7     41    .00000025
7     42    .00152865
7     43    .00008637
7     44    .00001183
7     45    .00000063
7     46    .00085246
7     47    .00090944
7     48    .00110631
7     49    .00030918
7     50    .00116497
7     51    .00089689
7     52    .00989621
8     9     .00022212
8     10    .00003381
8     11    .00000359
8     12    .00004771
8     13    .00000014
8     14    .00000226
8     15    .00000413
8     16    .00004771
8     17    .00000014
8     18    .00000226
8     19    .00000413
8     20    .00000058
8     21    .00000015
8     22    .00007475
8     23    .00002593
8     24    .00002826
8     25    .00005168
8     26    .00000099
8     27    .00006009
8     28    .00000912
8     29    .00002199
8     30    .00008009
8     31    .00016643
8     32    ?
8     33    .00000211
8     34    ?
8     35    ?
8     36    ?
8     37    .00000706
8     38    .00002041
8     39    .00000691
8     40    .00000229
8     41    .00002532
8     42    .00000001
8     43    .00000000
8     44    .00000002
8     45    .00000048
8     46    .00000345
8     47    .00000002
8     48    .00000001
8     49    .00000423
8     50    .00002038
8     51    .00000468
8     52    .00000418
9     10    .01115280
9     11    .01328196
9     12    .00084853
9     13    .00003525
9     14    .00002245
9     15    .00008490
9     16    .00084853
9     17    .00003525
9     18    .00002245
9     19    .00008490
9     20    .00038960
9     21    .00024352
9     22    .00000120
9     23    .00009938
9     24    .00005909
9     25    .00000716
9     26    .00002564
9     27    .00001800
9     28    .00019847
9     29    .00002135
9     30    .00116015
9     31    .00320316
9     32    .00091000
9     33    .00045281
9     34    .00001303
9     35    .00000409
9     36    .00000592
9     37    .00001193
9     38    .00014173
9     39    .00000355
9     40    .00002450
9     41    .00002311
9     42    .00022418
9     43    .00014959
9     44    .00006044
9     45    .00017425
9     46    .00194066
9     47    .00279904
9     48    .00336828
9     49    .00230108
9     50    .00261843
9     51    .00252971
9     52    .00008688
10    11    .08192314
10    12    .00048923
10    13    .00000491
10    14    .00014486
10    15    .00001033
10    16    .00048923
10    17    .00000491
10    18    .00014486
10    19    .00001033
10    20    .00081186
10    21    .00063274
10    22    .00030201
10    23    .00000009
10    24    .00000326
10    25    .00000136
10    26    .00006993
10    27    .00003866
10    28    .00025102
10    29    .00011460
10    30    .00089740
10    31    .00385143
10    32    .00075106
10    33    .00018314
10    34    .00005293
10    35    .00006174
10    36    .00003497
10    37    .00010341
10    38    .00000257
10    39    .00004810
10    40    .00011906
10    41    .00000147
10    42    .00031968
10    43    .00019794
10    44    .00003829
10    45    .00000616
10    46    .00287410
10    47    .00184325
10    48    .00231139
10    49    .00168116
10    50    .00286792
10    51    .00209022
10    52    .00019430
11    12    .00020403
11    13    .00005881
11    14    .00022569
11    15    .00016861
11    16    .00020403
11    17    .00005881
11    18    .00022569
11    19    .00016861
11    20    .00005756
11    21    .00005940
11    22    .00006837
11    23    .00003488
11    24    .00030924
11    25    .00009668
11    26    .00000694
11    27    .00000420
11    28    .00000868
11    29    .00001587
11    30    .00006765
11    31    .00001480
11    32    .00000698
11    33    .00006343
11    34    .00010764
11    35    .00011101
11    36    .00019735
11    37    .00009718
11    38    .00007019
11    39    .00009116
11    40    .00021819
11    41    .00000015
11    42    .00003671
11    43    .00000881
11    44    .00004955
11    45    .00000007
11    46    .00031005
11    47    .00024223
11    48    .00052794
11    49    .00008813
11    50    .00045698
11    51    .00053956
11    52    .00041603
12    13    .06262679
12    14    .09687009
12    15    .00659526
12    16    ?
12    17    .06262679
12    18    .09687009
12    19    .00659526
12    20    .00231533
12    21    .00020438
12    22    .00110753
12    23    .00808383
12    24    .03460020
12    25    .00240253
12    26    .00093414
12    27    .00000097
12    28    .00589228
12    29    .00000462
12    30    .00099335
12    31    .00174976
12    32    .00001775
12    33    .00031112
12    34    .00060819
12    35    .00073167
12    36    .00250555
12    37    .00241859
12    38    .00004413
12    39    .00086626
12    40    .00098279
12    41    .00024188
12    42    .00193246
12    43    .00167555
12    44    .00011298
12    45    .00039012
12    46    .01561287
12    47    .01343780
12    48    .01564288
12    49    .01092791
12    50    .01755683
12    51    .01744006
12    52    .02498553
13    14    .00484487
13    15    .00833018
13    16    .06262679
13    17    ?
13    18    .00484487
13    19    .00833018
13    20    .00008001
13    21    .00122579
13    22    .00064613
13    23    .02904676
13    24    .02022024
13    25    .00582267
13    26    .04490154
13    27    .00159064
13    28    .00188403
13    29    .00000198
13    30    .00035288
13    31    .00146449
13    32    .00108742
13    33    .00109696
13    34    .00294853
13    35    .00362605
13    36    .00821534
13    37    .00398692
13    38    .00075682
13    39    .00136764
13    40    .00160478
13    41    .00066400
13    42    .00210505
13    43    .00133090
13    44    .00030235
13    45    .00336995
13    46    .00014712
13    47    .00003365
13    48    .00006135
13    49    .00028408
13    50    .00002359
13    51    .00001723
13    52    .03162012
14    15    .00081662
14    16    .09687009
14    17    .00484487
14    18    ?
14    19    .00081662
14    20    .00010169
14    21    .00029797
14    22    .00003368
14    23    .00129851
14    24    .00136040
14    25    .00215424
14    26    .00001176
14    27    .00000939
14    28    .00002847
14    29    .00046786
14    30    .00000252
14    31    .00000258
14    32    .00014002
14    33    .00022322
14    34    .00123442
14    35    .00128581
14    36    .00121805
14    37    .00013434
14    38    .00011241
14    39    .00000157
14    40    .00000030
14    41    .00003122
14    42    .00028534
14    43    .00088852
14    44    .00058635
14    45    .00003781
14    46    .00380742
14    47    .00288739
14    48    .00312054
14    49    .00312346
14    50    .00353634
14    51    .00324747
14    52    .00005891
15    16    .00659526
15    17    .00833018
15    18    .00081662
15    19    ?
15    20    .00041172
15    21    .00071130
15    22    .00002320
15    23    .00040734
15    24    .00102593
15    25    .00043403
15    26    .00035561
15    27    .00000565
15    28    .00094365
15    29    .00088235
15    30    .00000749
15    31    .00001701
15    32    .00000005
15    33    .00103914
15    34    .00017555
15    35    .00014207
15    36    .00008165
15    37    .00000342
15    38    .00000030
15    39    .00004941
15    40    .00002449
15    41    .00009506
15    42    .00000837
15    43    .00252791
15    44    .00031056
15    45    .00081007
15    46    .00000427
15    47    .00001454
15    48    .00001468
15    49    .00000051
15    50    .00004011
15    51    .00000294
15    52    .00005298
16    17    .06262679
16    18    .09687009
16    19    .00659526
16    20    .00231533
16    21    .00020438
16    22    .00110753
16    23    .00808383
16    24    .03460020
16    25    .00240253
16    26    .00093414
16    27    .00000097
16    28    .00589228
16    29    .00000462
16    30    .00099335
16    31    .00174976
16    32    .00001775
16    33    .00031112
16    34    .00060819
16    35    .00073167
16    36    .00250555
16    37    .00241859
16    38    .00004413
16    39    .00086626
16    40    .00098279
16    41    .00024188
16    42    .00193246
16    43    .00167555
16    44    .00011298
16    45    .00039012
16    46    .01561287
16    47    .01343780
16    48    .01564288
16    49    .01092791
16    50    .01755683
16    51    .01744006
16    52    .02498553
17    18    .00484487
17    19    .00833018
17    20    .00008001
17    21    .00122579
17    22    .00064613
17    23    .02904676
17    24    .02022024
17    25    .00582267
17    26    .04490154
17    27    .00159064
17    28    .00188403
17    29    .00000198
17    30    .00035288
17    31    .00146449
17    32    .00108742
17    33    .00109696
17    34    .00294853
17    35    .00362605
17    36    .00821534
17    37    .00398692
17    38    .00075682
17    39    .00136764
17    40    .00160478
17    41    .00066400
17    42    .00210505
17    43    .00133090
17    44    .00030235
17    45    .00336995
17    46    .00014712
17    47    .00003365
17    48    .00006135
17    49    .00028408
17    50    .00002359
17    51    .00001723
17    52    .03162012
18    19    .00081662
18    20    .00010169
18    21    .00029797
18    22    .00003368
18    23    .00129851
18    24    .00136040
18    25    .00215424
18    26    .00001176
18    27    .00000939
18    28    .00002847
18    29    .00046786
18    30    .00000252
18    31    .00000258
18    32    .00014002
18    33    .00022322
18    34    .00123442
18    35    .00128581
18    36    .00121805
18    37    .00013434
18    38    .00011241
18    39    .00000157
18    40    .00000030
18    41    .00003122
18    42    .00028534
18    43    .00088852
18    44    .00058635
18    45    .00003781
18    46    .00380742
18    47    .00288739
18    48    .00312054
18    49    .00312346
18    50    .00353634
18    51    .00324747
18    52    .00005891
19    20    .00041172
19    21    .00071130
19    22    .00002320
19    23    .00040734
19    24    .00102593
19    25    .00043403
19    26    .00035561
19    27    .00000565
19    28    .00094365
19    29    .00088235
19    30    .00000749
19    31    .00001701
19    32    .00000005
19    33    .00103914
19    34    .00017555
19    35    .00014207
19    36    .00008165
19    37    .00000342
19    38    .00000030
19    39    .00004941
19    40    .00002449
19    41    .00009506
19    42    .00000837
19    43    .00252791
19    44    .00031056
19    45    .00081007
19    46    .00000427
19    47    .00001454
19    48    .00001468
19    49    .00000051
19    50    .00004011
19    51    .00000294
19    52    .00005298
20    21    .37772319
20    22    .01430833
20    23    .00074139
20    24    .00672666
20    25    .00158369
20    26    .00044986
20    27    .00104794
20    28    .16163996
20    29    .24423427
20    30    .00689806
20    31    .00841000
20    32    .00004612
20    33    .05198659
20    34    .00148591
20    35    .00074787
20    36    .00490402
20    37    .00731054
20    38    .00001415
20    39    .00316465
20    40    .00502457
20    41    .00039419
20    42    .01022955
20    43    .00440600
20    44    .00118714
20    45    .00002626
20    46    .00000150
20    47    .00000008
20    48    .00003772
20    49    .00000771
20    50    .00002641
20    51    .00002223
20    52    .10674711
21    22    .00709229
21    23    .00144734
21    24    .00406866
21    25    .00233920
21    26    .00006152
21    27    .00582169
21    28    .14340882
21    29    .30764376
21    30    .00610396
21    31    .00905421
21    32    .00012856
21    33    .10173945
21    34    .00167568
21    35    .00043474
21    36    .00626838
21    37    .00878787
21    38    .00000715
21    39    .00459023
21    40    .00682574
21    41    .00038375
21    42    .00956804
21    43    .00044611
21    44    .00036614
21    45    .00055215
21    46    .00062568
21    47    .00075684
21    48    .00027384
21    49    .00066695
21    50    .00031501
21    51    .00037148
21    52    .13720963
22    23    .00055565
22    24    .00077293
22    25    .00000217
22    26    .00011398
22    27    .01285789
22    28    .00014109
22    29    .00095542
22    30    .00498622
22    31    .00538500
22    32    .00028543
22    33    .00937203
22    34    .00008888
22    35    .00000715
22    36    .00051441
22    37    .00043205
22    38    .00002621
22    39    .00048527
22    40    .00034252
22    41    .00011836
22    42    .00039920
22    43    .00061607
22    44    .00003961
22    45    .00036148
22    46    .00295624
22    47    .00184908
22    48    .00166635
22    49    .00125067
22    50    .00228519
22    51    .00168719
22    52    .00608421
23    24    .02138410
23    25    .06006413
23    26    .11696427
23    27    .00107700
23    28    .00214654
23    29    .00014272
23    30    .00084682
23    31    .00127121
23    32    .00002284
23    33    .00032105
23    34    .00103579
23    35    .00100730
23    36    .00202776
23    37    .00132944
23    38    .00002791
23    39    .00081787
23    40    .00090057
23    41    .00019120
23    42    .00339027
23    43    .00239759
23    44    .00093216
23    45    .00435353
23    46    .00109410
23    47    .00158043
23    48    .00197578
23    49    .00051257
23    50    .00183111
23    51    .00209927
23    52    .01324828
24    25    .00492666
24    26    .00071053
24    27    .00003954
24    28    .00891746
24    29    .00113951
24    30    .00376674
24    31    .00503319
24    32    .00000003
24    33    .00124471
24    34    .00179548
24    35    .00176763
24    36    .00576632
24    37    .00407480
24    38    .00044247
24    39    .00163765
24    40    .00164484
24    41    .00062390
24    42    .00103807
24    43    .00025049
24    44    .00010817
24    45    .00107845
24    46    .00306565
24    47    .00333792
24    48    .00370461
24    49    .00141821
24    50    .00436608
24    51    .00425674
24    52    .03742034
25    26    .00384768
25    27    .00259193
25    28    .00004223
25    29    .00288800
25    30    .00003561
25    31    .00000121
25    32    .00007542
25    33    .00690658
25    34    .00017625
25    35    .00015845
25    36    .00001891
25    37    .00006106
25    38    .00000111
25    39    .00000133
25    40    .00000173
25    41    .00000723
25    42    .00002745
25    43    .00001121
25    44    .00000446
25    45    .00012573
25    46    .00001148
25    47    .00000289
25    48    .00000009
25    49    .00000046
25    50    .00002460
25    51    .00006044
25    52    .00006559
26    27    .00015347
26    28    .00003349
26    29    .00075615
26    30    .00008042
26    31    .00026818
26    32    .00001331
26    33    .00028693
26    34    .00154567
26    35    .00160518
26    36    .00467877
26    37    .00175404
26    38    .00028402
26    39    .00053570
26    40    .00082671
26    41    .00019016
26    42    .00395080
26    43    .00848115
26    44    .00560352
26    45    .01214885
26    46    .00020402
26    47    .00044512
26    48    .00078880
26    49    .00006692
26    50    .00071122
26    51    .00035198
26    52    .01246621
27    28    ?
27    29    .01233850
27    30    .00881429
27    31    .00981359
27    32    .00000275
27    33    .14989811
27    34    .00014709
27    35    .00003100
27    36    .00023197
27    37    .00014386
27    38    .00000163
27    39    .00065253
27    40    .00027104
27    41    .00009230
27    42    .00392672
27    43    .00126728
27    44    .00014380
27    45    .00092009
27    46    .00013194
27    47    .00000161
27    48    .00011886
27    49    .00014037
27    50    .00021886
27    51    .00019543
27    52    .00216757
28    29    .09634346
28    30    .00175921
28    31    .00121256
28    32    .00070184
28    33    .00906990
28    34    .00092188
28    35    .00080999
28    36    .00389071
28    37    .00506215
28    38    .00030361
28    39    .00180374
28    40    .00292394
28    41    .00048929
28    42    .00975140
28    43    .01073676
28    44    .00092916
28    45    .00000077
28    46    .00014315
28    47    .00012684
28    48    .00025815
28    49    .00000013
28    50    .00013414
28    51    .00022314
28    52    .06155759
29    30    .00007405
29    31    .00017536
29    32    .00007848
29    33    .09303760
29    34    .00093561
29    35    .00031239
29    36    .00237464
29    37    .00441556
29    38    .00000352
29    39    .00145001
29    40    .00306458
29    41    .00007982
29    42    .00790520
29    43    .00294695
29    44    .00103284
29    45    .00000398
29    46    .00110903
29    47    .00116947
29    48    .00093890
29    49    .00115813
29    50    .00082711
29    51    .00106473
29    52    .05960102
30    31    ?
30    32    ?
30    33    .00707862
30    34    .00003342
30    35    .00005341
30    36    .00020564
30    37    .00030532
30    38    .00009291
30    39    .00046934
30    40    .00048891
30    41    .00017369
30    42    .00230329
30    43    .00137488
30    44    .00007674
30    45    .00308479
30    46    .01049811
30    47    .00971873
30    48    .00247105
30    49    .00483728
30    50    .00464111
30    51    .00703654
30    52    .00551586
31    32    .00273080
31    33    .00878680
31    34    .00008177
31    35    .00015259
31    36    .00032668
31    37    .00038278
31    38    .00011119
31    39    .00049160
31    40    .00044601
31    41    .00023077
31    42    .00265528
31    43    .00140294
31    44    .00002858
31    45    .00260839
31    46    .00008113
31    47    .00000021
31    48    .00006246
31    49    .00045956
31    50    .00002994
31    51    .00000624
31    52    .00734904
32    33    .00000210
32    34    .00006853
32    35    .00004856
32    36    .00000020
32    37    .00000009
32    38    .00000663
32    39    .00001683
32    40    .00004705
32    41    .00000000
32    42    .00006128
32    43    .00007918
32    44    .00000359
32    45    .00032925
32    46    .03236253
32    47    .02669799
32    48    .01137930
32    49    .02368610
32    50    .01740567
32    51    .02376589
32    52    .00000258
33    34    .00071265
33    35    .00068245
33    36    .00196917
33    37    .00268260
33    38    .00006336
33    39    .00161884
33    40    .00212761
33    41    .00018096
33    42    .01481857
33    43    .00061891
33    44    .00133018
33    45    .00048443
33    46    .00010733
33    47    .00050616
33    48    .00017181
33    49    .00044660
33    50    .00006813
33    51    .00020622
33    52    .03732729
34    35    ?
34    36    ?
34    37    ?
34    38    ?
34    39    ?
34    40    ?
34    41    ?
34    42    .00184156
34    43    .00042624
34    44    .00041357
34    45    .00037249
34    46    .00002739
34    47    .00000042
34    48    .00009820
34    49    .00001943
34    50    .00006552
34    51    .00001771
34    52    ?
35    36    .02469206
35    37    .02183765
35    38    ?
35    39    ?
35    40    ?
35    41    ?
35    42    .00214537
35    43    .00062739
35    44    .00052097
35    45    .00073862
35    46    .00002792
35    47    .00000010
35    48    .00006327
35    49    .00000796
35    50    .00007847
35    51    .00001560
35    52    .01222969
36    37    .01438414
36    38    ?
36    39    ?
36    40    ?
36    41    ?
36    42    .00304426
36    43    .00036831
36    44    .00056954
36    45    .00171070
36    46    .00010605
36    47    .00012312
36    48    .00025937
36    49    .00002013
36    50    .00030821
36    51    .00011027
36    52    .04142660
37    38    ?
37    39    ?
37    40    ?
37    41    ?
37    42    .00138585
37    43    .00001349
37    44    .00003962
37    45    .00080923
37    46    .00031424
37    47    .00022826
37    48    .00031648
37    49    .00024263
37    50    .00024083
37    51    .00029914
37    52    .04732060
38    39    .00002011
38    40    .00012809
38    41    .00186212
38    42    .00059858
38    43    .00013343
38    44    .00008548
38    45    .00014915
38    46    .00000509
38    47    .00001188
38    48    .00000465
38    49    .00000376
38    50    .00001209
38    51    .00000092
38    52    .00279086
39    40    .16156079
39    41    .08212453
39    42    .00040995
39    43    .00000002
39    44    .00004425
39    45    .00005746
39    46    .00019047
39    47    .00027990
39    48    .00029123
39    49    .00005149
39    50    .00018986
39    51    .00025941
39    52    .00969043
40    41    .03323054
40    42    .00053315
40    43    .00000340
40    44    .00001787
40    45    .00010265
40    46    .00026485
40    47    .00029257
40    48    .00025183
40    49    .00006933
40    50    .00020400
40    51    .00025136
40    52    .01271357
41    42    .00023169
41    43    .00005803
41    44    .00000000
41    45    .00016289
41    46    .00004198
41    47    .00007686
41    48    .00011872
41    49    .00001159
41    50    .00007893
41    51    .00009393
41    52    .00180968
42    43    .20752374
42    44    .14559272
42    45    .01284604
42    46    .00018020
42    47    .00016361
42    48    .00020057
42    49    .00000091
42    50    .00021990
42    51    .00005263
42    52    .01267508
43    44    .08038233
43    45    .06514834
43    46    .00031038
43    47    .00039843
43    48    .00032160
43    49    .00004406
43    50    .00051495
43    51    .00028331
43    52    .00009393
44    45    .04147480
44    46    .00000000
44    47    .00000001
44    48    .00004330
44    49    .00000485
44    50    .00000598
44    51    .00001801
44    52    .00002145
45    46    .00042593
45    47    .00049529
45    48    .00053487
45    49    .00004472
45    50    .00064484
45    51    .00059226
45    52    .00562756
46    47    ?
46    48    .18837176
46    49    .15837322
46    50    .18102629
46    51    .18654167
46    52    .00104962
47    48    .12816558
47    49    .08857356
47    50    .11116164
47    51    .12761438
47    52    .00117770
48    49    .11068753
48    50    .13710035
48    51    .11206149
48    52    .00167861
49    50    .11439029
49    51    .09862402
49    52    .00073558
50    51    .14139974
50    52    .00165479
51    52    .00174623
