start writing local tree for site 1:
floor 3:
62(61,60,),
floor 2:
61(59,57,56,),60(55,54,53,58,),
floor 1:
55(4,9,10,11,),54(3,5,6,7,),53(1,2,21,20,),59(19,22,),58(17,24,13,15,),57(16,18,12,14,),56(23,25,8,26,),
floor 0:


start writing local tree for site 2:
floor 3:
72(70,71,),
floor 2:
70(68,64,65,63,),71(69,66,67,),
floor 1:
68(51,43,44,45,),69(49,48,),64(36,52,29,28,),65(34,35,37,31,),66(50,38,46,47,),67(39,42,40,41,),63(32,33,27,30,),
floor 0:





start writing local tree for site 1:
floor 3:
62(61,60,),
floor 2:
61(54,53,56,),60(55,59,58,57,),
floor 1:
55(4,23,25,26,),54(3,21,20,22,),53(1,2,5,6,),59(15,19,),58(17,16,24,13,),57(18,8,12,14,),56(7,9,10,11,),
floor 0:


start writing local tree for site 2:
floor 3:
72(70,71,),
floor 2:
70(68,69,64,66,),71(65,67,63,),
floor 1:
68(51,36,37,52,),69(44,49,),64(50,46,31,30,),65(34,42,43,45,),66(35,32,48,47,),67(38,39,40,41,),63(33,27,29,28,),
floor 0:





start writing local tree for site 1:
floor 3:
62(61,60,),
floor 2:
61(53,59,56,),60(55,54,58,57,),
floor 1:
55(16,4,8,13,),54(18,3,12,14,),53(1,2,20,25,),59(21,22,),58(17,19,24,15,),57(23,10,11,26,),56(5,6,7,9,),
floor 0:


start writing local tree for site 2:
floor 3:
72(70,71,),
floor 2:
70(68,64,65,66,),71(69,67,63,),
floor 1:
68(32,48,36,37,),69(38,45,),64(39,52,40,28,),65(46,47,31,30,),66(51,34,50,49,),67(35,42,43,44,),63(33,27,41,29,),
floor 0:





start writing local tree for site 1:
floor 3:
65(64,63,62,),
floor 2:
64(57,56,60,),63(53,58,61,),62(55,54,59,),
floor 1:
55(4,23,25,),54(18,3,14,),53(1,2,20,),59(16,10,12,),58(8,9,11,),57(6,7,26,),56(17,5,13,),61(21,22,),60(19,24,15,),
floor 0:


start writing local tree for site 2:
floor 3:
78(76,77,75,),
floor 2:
76(69,70,73,),77(71,66,67,),75(68,72,74,),
floor 1:
68(34,31,30,),69(35,39,40,),70(50,32,46,),71(38,37,41,),66(33,27,29,),67(36,52,28,),72(51,42,43,),73(48,47,45,),74(44,49,),
floor 0:





start writing local tree for site 1:
floor 3:
65(64,63,62,                    ),
floor 2:
64(58,57,60,                    ),63(54,59,56,                    ),62(55,53,61,                    ),
floor 1:
55(19,5,15,                    ),54(4,23,26,                    ),53(1,2,3,                    ),59(17,24,13,                    ),58(9,10,11,                    ),57(16,8,12,                    ),56(6,7,25,                    ),61(20,22,                       ),60(18,21,14,                    ),
floor 0:


start writing local tree for site 2:
floor 3:
78(76,77,75,                    ),
floor 2:
76(69,67,73,                    ),77(66,72,74,                    ),75(68,70,71,                    ),
floor 1:
68(49,46,28,                    ),69(34,35,31,                    ),70(50,48,33,                    ),71(51,38,47,                    ),66(42,43,27,                    ),67(32,29,30,                    ),72(39,40,44,                    ),73(36,52,41,                    ),74(37,45,                       ),
floor 0:





start writing local tree for site 1:
floor 3:
65(64,63,62,                    ),
floor 2:
64(58,57,61,                    ),63(54,53,59,                    ),62(55,56,60,                    ),
floor 1:
55(16,4,12,                    ),54(3,23,26,                    ),53(1,2,24,                    ),59(20,8,9,                    ),58(19,7,15,                    ),57(6,10,11,                    ),56(17,5,13,                    ),61(21,22,                       ),60(18,25,14,                    ),
floor 0:


start writing local tree for site 2:
floor 3:
78(76,77,75,                    ),
floor 2:
76(69,70,71,                    ),77(67,72,73,                    ),75(68,66,74,                    ),
floor 1:
68(32,31,30,                    ),69(34,42,44,                    ),70(35,43,45,                    ),71(33,52,37,                    ),66(49,27,46,                    ),67(41,29,28,                    ),72(38,39,40,                    ),73(51,50,36,                    ),74(47,48,                       ),
floor 0:





start writing local tree for site 1:
floor 3:
65(64,63,62,                                                  ),
floor 2:
64(57,56,61,                                                  ),63(54,53,58,                                                  ),62(55,59,60,                                                  ),
floor 1:
55(16,3,12,                                                  ),54(2,20,9,                                                  ),53(17,1,13,                                                  ),59(21,10,11,                                                  ),58(23,8,26,                                                  ),57(22,7,24,                                                  ),56(4,5,6,                                                  ),61(15,19,                                                     ),60(18,25,14,                                                  ),
floor 0:


start writing local tree for site 2:
floor 3:
78(76,77,75,                                                  ),
floor 2:
76(69,71,74,                                                  ),77(66,67,73,                                                  ),75(68,70,72,                                                  ),
floor 1:
68(39,40,28,                                                  ),69(38,31,30,                                                  ),70(34,46,47,                                                  ),71(35,36,41,                                                  ),66(33,27,44,                                                  ),67(42,43,29,                                                  ),72(51,50,32,                                                  ),73(49,48,37,                                                  ),74(45,52,                                                     ),
floor 0:





start writing local tree for site 1:
floor 3:
65(64,63,62,                                                  ),
floor 2:
64(58,61,60,                                                  ),63(54,53,59,                                                  ),62(55,57,56,                                                  ),
floor 1:
55(5,6,9,                                                  ),54(18,4,14,                                                  ),53(1,2,3,                                                  ),59(16,12,13,                                                  ),58(21,10,11,                                                  ),57(23,8,26,                                                  ),56(20,22,7,                                                  ),61(25,24,                                                     ),60(17,19,15,                                                  ),
floor 0:


start writing local tree for site 2:
floor 3:
78(76,77,75,                                                  ),
floor 2:
76(70,67,74,                                                  ),77(71,66,73,                                                  ),75(68,69,72,                                                  ),
floor 1:
68(42,31,30,                                                  ),69(34,50,46,                                                  ),70(35,39,40,                                                  ),71(32,41,47,                                                  ),66(33,27,44,                                                  ),67(37,29,28,                                                  ),72(49,48,38,                                                  ),73(36,43,45,                                                  ),74(51,52,                                                     ),
floor 0:





start writing local tree for site 1:
floor 3:
65(64,63,62,                                                  ),
floor 2:
64(57,61,60,                                                  ),63(54,53,56,                                                  ),62(55,59,58,                                                  ),
floor 1:
55(17,3,13,                                                  ),54(2,20,8,                                                  ),53(1,5,6,                                                  ),59(16,12,14,                                                  ),58(9,10,11,                                                  ),57(19,7,15,                                                  ),56(21,4,22,                                                  ),61(25,26,                                                     ),60(18,23,24,                                                  ),
floor 0:


start writing local tree for site 2:
floor 3:
78(76,77,75,                                                  ),
floor 2:
76(69,70,72,                                                  ),77(71,73,74,                                                  ),75(68,66,67,                                                  ),
floor 1:
68(42,28,44,                                                  ),69(37,31,30,                                                  ),70(34,35,33,                                                  ),71(32,43,45,                                                  ),66(49,27,46,                                                  ),67(50,48,29,                                                  ),72(51,38,47,                                                  ),73(39,36,40,                                                  ),74(41,52,                                                     ),
floor 0:





start writing local tree for site 1:
floor 3:
62(61,60,),                  
floor 2:
61(59,58,56,),               60(55,54,53,57,),            
floor 1:
55(16,5,7,24,),            54(3,4,6,12,),            53(1,2,21,20,),            59(23,26,),                  58(19,18,25,15,),            57(17,10,13,14,),            56(22,8,9,11,),            
floor 0:


start writing local tree for site 2:
floor 3:
72(70,71,),                  
floor 2:
70(68,69,65,66,),            71(64,67,63,),               
floor 1:
68(37,42,43,45,),            69(47,44,),                  64(35,36,52,29,),            65(32,46,31,30,),            66(51,50,38,41,),            67(49,48,39,40,),            63(34,33,27,28,),            
floor 0:





start writing local tree for site 1:
floor 3:
62(61,60,),                  
floor 2:
61(59,58,56,),               60(55,54,53,57,),            
floor 1:
55(16,5,7,24,),            54(3,4,6,12,),            53(1,2,21,20,),            59(23,26,),                  58(19,18,25,15,),            57(17,10,13,14,),            56(22,8,9,11,),            
floor 0:


start writing local tree for site 2:
floor 3:
72(70,71,),                  
floor 2:
70(68,69,65,66,),            71(64,67,63,),               
floor 1:
68(37,42,43,45,),            69(47,44,),                  64(35,36,52,29,),            65(32,46,31,30,),            66(51,50,38,41,),            67(49,48,39,40,),            63(34,33,27,28,),            
floor 0:





start writing local tree for site 1:
floor 3:
62(61,60,),                  
floor 2:
61(59,58,56,),               60(55,54,53,57,),            
floor 1:
55(16,5,7,24,),            54(3,4,6,12,),            53(1,2,21,20,),            59(23,26,),                  58(19,18,25,15,),            57(17,10,13,14,),            56(22,8,9,11,),            
floor 0:


start writing local tree for site 2:
floor 3:
72(70,71,),                  
floor 2:
70(68,69,65,63,),            71(64,66,67,),               
floor 1:
68(37,42,43,45,),            69(47,44,),                  64(35,36,52,29,),            65(32,46,31,30,),            66(51,50,38,41,),            67(49,48,39,40,),            63(34,33,27,28,),            
floor 0:





start writing local tree for site 1:
floor 3:
62(61,60,),                  
floor 2:
61(59,58,56,),               60(55,54,53,57,),            
floor 1:
55(16,5,7,24,),            54(3,4,6,12,),            53(1,2,21,20,),            59(23,26,),                  58(19,18,25,15,),            57(17,10,13,14,),            56(22,8,9,11,),            
floor 0:


start writing local tree for site 2:
floor 3:
72(70,71,),                  
floor 2:
70(68,69,65,63,),            71(64,66,67,),               
floor 1:
68(37,42,43,45,),            69(47,44,),                  64(35,36,52,29,),            65(32,46,31,30,),            66(51,50,38,41,),            67(49,48,39,40,),            63(34,33,27,28,),            
floor 0:





start writing local tree for site 1:
floor 3:
62(61,60,),                  
floor 2:
61(59,58,56,),               60(55,54,53,57,),            
floor 1:
55(16,5,7,24,),            54(3,4,6,12,),            53(1,2,21,20,),            59(23,26,),                  58(19,18,25,15,),            57(17,10,13,14,),            56(22,8,9,11,),            
floor 0:


start writing local tree for site 2:
floor 3:
72(70,71,),                  
floor 2:
70(68,69,65,66,),            71(64,67,63,),               
floor 1:
68(37,42,43,45,),            69(47,44,),                  64(35,36,52,29,),            65(32,46,31,30,),            66(51,50,38,41,),            67(49,48,39,40,),            63(34,33,27,28,),            
floor 0:





start writing local tree for site 1:
floor 3:
62(61,60,),                  
floor 2:
61(59,58,56,),               60(55,54,53,57,),            
floor 1:
55(16,5,7,24,),            54(3,4,6,12,),            53(1,2,21,20,),            59(23,26,),                  58(19,18,25,15,),            57(17,10,13,14,),            56(22,8,9,11,),            
floor 0:


start writing local tree for site 2:
floor 3:
72(70,71,),                  
floor 2:
70(68,69,65,66,),            71(64,67,63,),               
floor 1:
68(37,42,43,45,),            69(47,44,),                  64(35,36,52,29,),            65(32,46,31,30,),            66(51,50,38,41,),            67(49,48,39,40,),            63(34,33,27,28,),            
floor 0:





start writing local tree for site 1:
floor 3:
62(61,60,),                  
floor 2:
61(59,58,56,),               60(55,54,53,57,),            
floor 1:
55(16,5,7,24,),            54(3,4,6,12,),            53(1,2,21,20,),            59(23,26,),                  58(19,18,25,15,),            57(17,10,13,14,),            56(22,8,9,11,),            
floor 0:


start writing local tree for site 2:
floor 3:
72(70,71,),                  
floor 2:
70(68,69,65,66,),            71(64,67,63,),               
floor 1:
68(37,42,43,45,),            69(47,44,),                  64(35,36,52,29,),            65(32,46,31,30,),            66(51,50,38,41,),            67(49,48,39,40,),            63(34,33,27,28,),            
floor 0:





start writing local tree for site 1:
floor 3:
62(61,60,),                  
floor 2:
61(59,58,56,),               60(55,54,53,57,),            
floor 1:
55(16,5,7,24,),            54(3,4,6,12,),            53(1,2,21,20,),            59(23,26,),                  58(19,18,25,15,),            57(17,10,13,14,),            56(22,8,9,11,),            
floor 0:


start writing local tree for site 2:
floor 3:
72(70,71,),                  
floor 2:
70(68,69,65,66,),            71(64,67,63,),               
floor 1:
68(37,42,43,45,),            69(47,44,),                  64(35,36,52,29,),            65(32,46,31,30,),            66(51,50,38,41,),            67(49,48,39,40,),            63(34,33,27,28,),            
floor 0:





start writing local tree for site 1:
floor 3:
62(61,60,),                  
floor 2:
61(59,58,56,),               60(55,54,53,57,),            
floor 1:
55(16,5,7,24,),            54(3,4,6,12,),            53(1,2,21,20,),            59(23,26,),                  58(19,18,25,15,),            57(17,10,13,14,),            56(22,8,9,11,),            
floor 0:


start writing local tree for site 2:
floor 3:
72(70,71,),                  
floor 2:
70(68,69,65,66,),            71(64,67,63,),               
floor 1:
68(37,42,43,45,),            69(47,44,),                  64(35,36,52,29,),            65(32,46,31,30,),            66(51,50,38,41,),            67(49,48,39,40,),            63(34,33,27,28,),            
floor 0:





start writing local tree for site 1:
floor 3:
62(61,60,),                  
floor 2:
61(59,57,56,),               60(55,54,53,58,),            
floor 1:
55(3,21,22,8,),            54(17,2,20,13,),            53(1,5,6,7,),            59(25,26,),                  58(23,24,10,11,),            57(16,18,9,14,),            56(19,4,12,15,),            
floor 0:


start writing local tree for site 2:
floor 3:
72(70,71,),                  
floor 2:
70(68,64,66,63,),            71(69,65,67,),               
floor 1:
68(38,43,41,45,),            69(39,40,),                  64(51,46,29,47,),            65(50,49,48,28,),            66(32,52,31,30,),            67(34,35,36,37,),            63(33,42,27,44,),            
floor 0:





start writing local tree for site 1:
floor 3:
62(61,60,),                  
floor 2:
61(53,59,57,),               60(55,54,58,56,),            
floor 1:
55(17,4,26,13,),            54(16,3,12,14,),            53(1,2,10,11,),            59(15,19,),                  58(18,23,24,9,),            57(21,20,22,8,),            56(5,6,7,25,),            
floor 0:


start writing local tree for site 2:
floor 3:
72(70,71,),                  
floor 2:
70(68,65,66,67,),            71(69,64,63,),               
floor 1:
68(39,37,40,41,),            69(45,52,),                  64(42,43,28,44,),            65(32,38,31,30,),            66(51,34,46,47,),            67(50,35,49,48,),            63(33,36,27,29,),            
floor 0:





start writing local tree for site 1:
floor 3:
62(61,60,),                  
floor 2:
61(54,59,56,),               60(55,53,58,57,),            
floor 1:
55(16,3,24,13,),            54(2,20,10,11,),            53(1,18,12,14,),            59(21,22,),                  58(17,19,9,15,),            57(23,25,8,26,),            56(4,5,6,7,),            
floor 0:


start writing local tree for site 2:
floor 3:
72(70,71,),                  
floor 2:
70(68,69,64,63,),            71(65,66,67,),               
floor 1:
68(51,48,39,40,),            69(41,44,),                  64(52,29,28,45,),            65(46,47,31,30,),            66(34,35,36,37,),            67(50,49,32,38,),            63(33,42,43,27,),            
floor 0:





start writing local tree for site 1:
floor 3:
62(61,60,),                  
floor 2:
61(54,53,57,),               60(55,59,58,56,),            
floor 1:
55(16,3,12,14,),            54(2,21,20,8,),            53(1,5,6,7,),            59(18,22,),                  58(17,19,13,15,),            57(25,9,10,11,),            56(4,23,24,26,),            
floor 0:


start writing local tree for site 2:
floor 3:
72(70,71,),                  
floor 2:
70(68,69,64,63,),            71(65,66,67,),               
floor 1:
68(50,48,41,47,),            69(51,49,),                  64(32,46,31,30,),            65(34,35,38,36,),            66(39,42,40,44,),            67(52,37,43,45,),            63(33,27,29,28,),            
floor 0:





start writing local tree for site 1:
floor 3:
62(61,60,),                  
floor 2:
61(54,59,57,),               60(55,53,58,56,),            
floor 1:
55(16,3,12,14,),            54(2,21,20,25,),            53(1,5,6,7,),            59(22,24,),                  58(18,9,10,11,),            57(17,23,8,26,),            56(19,4,13,15,),            
floor 0:


start writing local tree for site 2:
floor 3:
72(70,71,),                  
floor 2:
70(68,69,64,65,),            71(66,67,63,),               
floor 1:
68(50,49,48,47,),            69(45,52,),                  64(51,46,31,30,),            65(34,35,32,36,),            66(38,39,40,41,),            67(37,42,43,44,),            63(33,27,29,28,),            
floor 0:





start writing local tree for site 1:
floor 3:
62(61,60,),                  
floor 2:
61(54,53,59,),               60(55,58,57,56,),            
floor 1:
55(4,9,10,11,),            54(2,3,21,20,),            53(1,5,6,7,),            59(22,25,),                  58(17,23,24,26,),            57(16,18,12,14,),            56(19,8,13,15,),            
floor 0:


start writing local tree for site 2:
floor 3:
72(70,71,),                  
floor 2:
70(68,65,66,67,),            71(69,64,63,),               
floor 1:
68(38,39,40,41,),            69(36,43,),                  64(37,52,29,28,),            65(32,31,30,45,),            66(34,49,46,47,),            67(51,50,35,48,),            63(33,42,27,44,),            
floor 0:





start writing local tree for site 1:
floor 3:
62(61,60,),                  
floor 2:
61(54,53,56,),               60(55,59,58,57,),            
floor 1:
55(16,4,8,12,),            54(3,9,10,11,),            53(1,2,20,22,),            59(15,19,),                  58(18,21,24,14,),            57(17,23,26,13,),            56(5,6,7,25,),            
floor 0:


start writing local tree for site 2:
floor 3:
72(70,71,),                  
floor 2:
70(68,65,66,67,),            71(69,64,63,),               
floor 1:
68(39,42,40,41,),            69(43,44,),                  64(36,37,52,28,),            65(32,38,31,30,),            66(51,34,46,47,),            67(50,35,49,48,),            63(33,27,29,45,),            
floor 0:





start writing local tree for site 1:
floor 3:
62(61,60,),                  
floor 2:
61(53,58,57,),               60(55,54,59,56,),            
floor 1:
55(16,4,8,12,),            54(19,3,13,15,),            53(1,2,21,20,),            59(17,22,),                  58(24,9,10,11,),            57(23,7,25,26,),            56(18,5,6,14,),            
floor 0:


start writing local tree for site 2:
floor 3:
72(70,71,),                  
floor 2:
70(68,69,64,67,),            71(65,66,63,),               
floor 1:
68(38,39,41,45,),            69(37,40,),                  64(42,43,29,44,),            65(50,49,48,28,),            66(32,52,31,30,),            67(34,35,33,36,),            63(51,27,46,47,),            
floor 0:





start writing local tree for site 1:
floor 3:
62(61,60,),                  
floor 2:
61(54,53,56,),               60(55,59,58,57,),            
floor 1:
55(19,4,13,15,),            54(3,5,6,7,),            53(1,2,20,9,),            59(22,25,),                  58(17,23,24,26,),            57(16,18,12,14,),            56(21,8,10,11,),            
floor 0:


start writing local tree for site 2:
floor 3:
72(70,71,),                  
floor 2:
70(68,64,66,63,),            71(69,65,67,),               
floor 1:
68(50,49,48,47,),            69(45,51,),                  64(39,40,41,28,),            65(32,46,31,30,),            66(35,38,36,52,),            67(37,42,43,44,),            63(34,33,27,29,),            
floor 0:





start writing local tree for site 1:
floor 3:
62(61,60,),                  
floor 2:
61(54,59,58,),               60(55,53,57,56,),            
floor 1:
55(21,5,6,7,),            54(18,4,12,14,),            53(1,2,3,20,),            59(19,22,),                  58(24,10,11,15,),            57(23,25,9,26,),            56(17,16,8,13,),            
floor 0:


start writing local tree for site 2:
floor 3:
72(70,71,),                  
floor 2:
70(68,69,64,67,),            71(65,66,63,),               
floor 1:
68(48,39,40,41,),            69(50,49,),                  64(42,43,31,30,),            65(34,35,44,45,),            66(32,36,52,37,),            67(51,38,46,47,),            63(33,27,29,28,),            
floor 0:





start writing local tree for site 1:
floor 3:
62(61,60,),                  
floor 2:
61(54,59,57,),               60(55,53,58,56,),            
floor 1:
55(3,23,25,26,),            54(2,21,20,7,),            53(1,18,12,14,),            59(19,22,),                  58(8,9,10,11,),            57(17,5,6,15,),            56(16,4,24,13,),            
floor 0:


start writing local tree for site 2:
floor 3:
72(70,71,),                  
floor 2:
70(68,69,66,63,),            71(64,65,67,),               
floor 1:
68(36,52,37,47,),            69(44,49,),                  64(32,46,31,30,),            65(51,34,50,48,),            66(35,42,43,45,),            67(38,39,40,41,),            63(33,27,29,28,),            
floor 0:





start writing local tree for site 1:
floor 3:
62(61,60,),                  
floor 2:
61(53,59,58,),               60(55,54,57,56,),            
floor 1:
55(18,4,12,14,),            54(3,21,20,8,),            53(1,2,10,11,),            59(19,25,),                  58(17,9,13,15,),            57(16,22,7,24,),            56(5,6,23,26,),            
floor 0:


start writing local tree for site 2:
floor 3:
72(70,71,),                  
floor 2:
70(68,65,67,63,),            71(69,64,66,),               
floor 1:
68(51,50,48,38,),            69(43,45,),                  64(34,37,52,28,),            65(42,44,31,30,),            66(35,39,40,41,),            67(49,32,46,47,),            63(33,36,27,29,),            
floor 0:





start writing local tree for site 1:
floor 3:
62(61,60,),                  
floor 2:
61(54,57,56,),               60(55,53,59,58,),            
floor 1:
55(4,5,6,7,),            54(3,9,10,11,),            53(1,2,20,24,),            59(21,25,),                  58(17,23,22,26,),            57(16,18,12,14,),            56(19,8,13,15,),            
floor 0:


start writing local tree for site 2:
floor 3:
72(70,71,),                  
floor 2:
70(68,66,67,63,),            71(69,64,65,),               
floor 1:
68(49,38,41,47,),            69(36,45,),                  64(42,43,29,44,),            65(35,37,52,28,),            66(32,46,31,30,),            67(51,34,50,48,),            63(33,39,40,27,),            
floor 0:





start writing local tree for site 1:
floor 3:
62(61,60,),                  
floor 2:
61(54,53,57,),               60(55,59,58,56,),            
floor 1:
55(17,6,7,13,),            54(3,21,4,5,),            53(1,2,20,8,),            59(24,26,),                  58(16,19,22,15,),            57(23,25,10,11,),            56(18,9,12,14,),            
floor 0:


start writing local tree for site 2:
floor 3:
72(70,71,),                  
floor 2:
70(68,64,65,63,),            71(69,66,67,),               
floor 1:
68(38,42,43,44,),            69(45,49,),                  64(51,46,31,30,),            65(34,50,48,47,),            66(35,39,40,41,),            67(32,36,37,52,),            63(33,27,29,28,),            
floor 0:





start writing local tree for site 1:
floor 3:
62(61,60,),                  
floor 2:
61(53,58,56,),               60(55,54,59,57,),            
floor 1:
55(17,16,4,13,),            54(18,3,12,14,),            53(1,2,20,8,),            59(22,24,),                  58(19,10,11,15,),            57(23,25,9,26,),            56(21,5,6,7,),            
floor 0:


start writing local tree for site 2:
floor 3:
72(70,71,),                  
floor 2:
70(68,69,67,63,),            71(64,65,66,),               
floor 1:
68(51,49,38,45,),            69(36,44,),                  64(37,52,29,28,),            65(32,46,31,30,),            66(34,39,40,41,),            67(50,35,48,47,),            63(33,42,43,27,),            
floor 0:





start writing local tree for site 1:
floor 3:
62(61,60,),                  
floor 2:
61(54,53,56,),               60(55,59,58,57,),            
floor 1:
55(18,4,12,14,),            54(3,21,5,20,),            53(1,2,23,26,),            59(17,22,),                  58(25,9,10,11,),            57(16,8,24,13,),            56(19,6,7,15,),            
floor 0:


start writing local tree for site 2:
floor 3:
72(70,71,),                  
floor 2:
70(68,64,67,63,),            71(69,65,66,),               
floor 1:
68(51,50,49,38,),            69(36,44,),                  64(34,37,52,28,),            65(42,43,31,30,),            66(35,39,40,41,),            67(32,48,46,47,),            63(33,27,29,45,),            
floor 0:





start writing local tree for site 1:
floor 3:
62(61,60,),                  
floor 2:
61(54,59,56,),               60(55,53,58,57,),            
floor 1:
55(3,21,22,8,),            54(19,2,20,15,),            53(1,5,6,7,),            59(18,25,),                  58(17,23,26,13,),            57(9,10,11,14,),            56(16,4,24,12,),            
floor 0:


start writing local tree for site 2:
floor 3:
72(70,71,),                  
floor 2:
70(68,69,65,63,),            71(64,66,67,),               
floor 1:
68(51,50,48,37,),            69(47,49,),                  64(42,43,28,44,),            65(32,46,31,30,),            66(35,38,36,52,),            67(39,40,41,45,),            63(34,33,27,29,),            
floor 0:





start writing local tree for site 1:
floor 3:
62(61,60,),                  
floor 2:
61(54,58,57,),               60(55,53,59,56,),            
floor 1:
55(4,23,25,26,),            54(3,5,6,7,),            53(1,2,19,15,),            59(18,24,),                  58(16,10,11,14,),            57(21,20,22,9,),            56(17,8,12,13,),            
floor 0:


start writing local tree for site 2:
floor 3:
72(70,71,),                  
floor 2:
70(68,66,67,63,),            71(69,64,65,),               
floor 1:
68(39,40,41,45,),            69(37,48,),                  64(51,46,47,28,),            65(50,49,31,30,),            66(34,38,36,52,),            67(32,42,43,44,),            63(35,33,27,29,),            
floor 0:





start writing local tree for site 1:
floor 3:
62(61,60,),                  
floor 2:
61(53,57,56,),               60(55,54,59,58,),            
floor 1:
55(4,23,25,26,),            54(18,3,12,14,),            53(1,2,21,20,),            59(19,22,),                  58(17,16,13,15,),            57(8,9,10,11,),            56(5,6,7,24,),            
floor 0:


start writing local tree for site 2:
floor 3:
72(70,71,),                  
floor 2:
70(68,69,65,67,),            71(64,66,63,),               
floor 1:
68(42,43,44,45,),            69(51,50,),                  64(34,52,37,28,),            65(49,46,31,30,),            66(35,39,40,41,),            67(32,48,38,47,),            63(33,36,27,29,),            
floor 0:





start writing local tree for site 1:
floor 3:
62(61,60,),                  
floor 2:
61(59,58,57,),               60(55,54,53,56,),            
floor 1:
55(16,4,24,13,),            54(18,3,12,14,),            53(1,2,21,20,),            59(25,26,),                  58(23,9,10,11,),            57(17,19,8,15,),            56(5,6,7,22,),            
floor 0:


start writing local tree for site 2:
floor 3:
72(70,71,),                  
floor 2:
70(68,69,65,63,),            71(64,66,67,),               
floor 1:
68(51,50,49,32,),            69(38,48,),                  64(39,40,41,28,),            65(46,47,31,30,),            66(34,36,37,52,),            67(35,42,43,44,),            63(33,27,29,45,),            
floor 0:





start writing local tree for site 1:
floor 3:
62(61,60,),                  
floor 2:
61(54,53,59,),               60(55,58,57,56,),            
floor 1:
55(16,4,12,14,),            54(3,9,10,11,),            53(1,2,21,20,),            59(22,25,),                  58(17,18,23,26,),            57(19,8,13,15,),            56(5,6,7,24,),            
floor 0:


start writing local tree for site 2:
floor 3:
72(70,71,),                  
floor 2:
70(68,69,64,63,),            71(65,66,67,),               
floor 1:
68(51,50,48,40,),            69(47,49,),                  64(32,46,31,30,),            65(34,35,36,52,),            66(38,39,37,41,),            67(42,43,44,45,),            63(33,27,29,28,),            
floor 0:





start writing local tree for site 1:
floor 3:
62(61,60,),                  
floor 2:
61(53,58,56,),               60(55,54,59,57,),            
floor 1:
55(4,5,6,7,),            54(16,3,12,14,),            53(1,2,20,9,),            59(18,22,),                  58(19,21,24,15,),            57(17,10,11,13,),            56(23,25,8,26,),            
floor 0:


start writing local tree for site 2:
floor 3:
72(70,71,),                  
floor 2:
70(68,69,65,67,),            71(64,66,63,),               
floor 1:
68(38,39,41,45,),            69(36,40,),                  64(51,46,29,47,),            65(37,52,28,31,),            66(34,50,49,48,),            67(35,42,43,44,),            63(32,33,27,30,),            
floor 0:





start writing local tree for site 1:
floor 3:
62(61,60,),                  
floor 2:
61(53,58,56,),               60(55,54,59,57,),            
floor 1:
55(19,4,13,15,),            54(3,5,6,7,),            53(1,2,10,11,),            59(17,24,),                  58(16,18,12,14,),            57(23,25,9,26,),            56(21,20,22,8,),            
floor 0:


start writing local tree for site 2:
floor 3:
72(70,71,),                  
floor 2:
70(68,69,65,63,),            71(64,66,67,),               
floor 1:
68(51,50,38,45,),            69(37,48,),                  64(33,39,40,29,),            65(32,28,31,30,),            66(34,42,43,44,),            67(35,36,52,41,),            63(49,27,46,47,),            
floor 0:





start writing local tree for site 1:
floor 3:
62(61,60,),                  
floor 2:
61(59,58,57,),               60(55,54,53,56,),            
floor 1:
55(21,4,20,22,),            54(3,5,6,7,),            53(17,1,2,13,),            59(15,19,),                  58(16,24,10,11,),            57(23,25,9,26,),            56(18,8,12,14,),            
floor 0:


start writing local tree for site 2:
floor 3:
72(70,71,),                  
floor 2:
70(68,69,67,63,),            71(64,65,66,),               
floor 1:
68(50,42,43,44,),            69(45,49,),                  64(34,35,36,28,),            65(48,46,31,30,),            66(51,32,37,47,),            67(38,39,40,41,),            63(33,52,27,29,),            
floor 0:





start writing local tree for site 1:
floor 3:
62(61,60,),                  
floor 2:
61(53,59,56,),               60(55,54,58,57,),            
floor 1:
55(16,4,12,14,),            54(3,9,10,11,),            53(1,2,21,20,),            59(18,22,),                  58(17,8,24,13,),            57(23,7,25,26,),            56(19,5,6,15,),            
floor 0:


start writing local tree for site 2:
floor 3:
72(70,71,),                  
floor 2:
70(68,65,66,63,),            71(69,64,67,),               
floor 1:
68(49,36,37,47,),            69(41,44,),                  64(34,52,29,28,),            65(32,46,31,30,),            66(51,50,35,48,),            67(38,42,43,45,),            63(33,39,40,27,),            
floor 0:





start writing local tree for site 1:
floor 3:
62(61,60,),                  
floor 2:
61(58,57,56,),               60(55,54,53,59,),            
floor 1:
55(21,4,20,22,),            54(3,5,6,7,),            53(17,1,2,13,),            59(15,19,),                  58(23,25,10,26,),            57(18,9,11,14,),            56(16,8,24,12,),            
floor 0:


start writing local tree for site 2:
floor 3:
72(70,71,),                  
floor 2:
70(68,65,66,63,),            71(69,64,67,),               
floor 1:
68(51,49,48,38,),            69(36,37,),                  64(33,52,29,28,),            65(42,43,31,30,),            66(34,35,44,45,),            67(32,39,40,41,),            63(50,27,46,47,),            
floor 0:





start writing local tree for site 1:
floor 3:
62(61,60,),                  
floor 2:
61(54,57,56,),               60(55,53,59,58,),            
floor 1:
55(17,4,12,13,),            54(3,5,6,7,),            53(1,2,21,20,),            59(22,24,),                  58(23,25,10,26,),            57(19,9,11,15,),            56(16,18,8,14,),            
floor 0:


start writing local tree for site 2:
floor 3:
72(70,71,),                  
floor 2:
70(68,65,67,63,),            71(69,64,66,),               
floor 1:
68(49,42,43,44,),            69(51,48,),                  64(39,40,41,28,),            65(32,52,31,30,),            66(34,35,36,37,),            67(50,38,46,47,),            63(33,27,29,45,),            
floor 0:





start writing local tree for site 1:
floor 3:
62(61,60,),                  
floor 2:
61(59,58,56,),               60(55,54,53,57,),            
floor 1:
55(17,4,24,13,),            54(16,3,12,14,),            53(1,2,23,26,),            59(10,25,),                  58(20,22,9,11,),            57(19,21,8,15,),            56(18,5,6,7,),            
floor 0:


start writing local tree for site 2:
floor 3:
72(70,71,),                  
floor 2:
70(68,65,66,63,),            71(69,64,67,),               
floor 1:
68(51,50,48,36,),            69(45,49,),                  64(35,37,52,28,),            65(42,43,31,30,),            66(32,38,46,47,),            67(39,40,41,44,),            63(34,33,27,29,),            
floor 0:





start writing local tree for site 1:
floor 3:
62(61,60,),                  
floor 2:
61(59,58,57,),               60(55,54,53,56,),            
floor 1:
55(3,9,10,11,),            54(17,2,20,13,),            53(1,5,6,7,),            59(25,26,),                  58(16,18,23,14,),            57(19,8,12,15,),            56(21,4,22,24,),            
floor 0:


start writing local tree for site 2:
floor 3:
72(70,71,),                  
floor 2:
70(68,69,66,67,),            71(64,65,63,),               
floor 1:
68(42,43,44,45,),            69(41,48,),                  64(39,40,31,30,),            65(34,36,52,37,),            66(35,49,46,47,),            67(51,50,32,38,),            63(33,27,29,28,),            
floor 0:





start writing local tree for site 1:
floor 3:
62(61,60,),                  
floor 2:
61(53,59,56,),               60(55,54,58,57,),            
floor 1:
55(5,6,10,11,),            54(3,21,4,20,),            53(1,2,23,26,),            59(15,19,),                  58(18,25,24,9,),            57(16,22,8,14,),            56(17,7,12,13,),            
floor 0:


start writing local tree for site 2:
floor 3:
72(70,71,),                  
floor 2:
70(68,69,64,63,),            71(65,66,67,),               
floor 1:
68(51,49,32,48,),            69(38,45,),                  64(50,46,29,47,),            65(39,40,41,28,),            66(34,42,43,44,),            67(35,36,37,52,),            63(33,27,31,30,),            
floor 0:





start writing local tree for site 1:
floor 2:
19(17,18,),                  
floor 1:
17(1,4,6,8,),            18(2,3,5,7,),            
floor 0:


start writing local tree for site 2:
floor 2:
22(21,20,),                  
floor 1:
21(9,10,12,13,),            20(16,11,14,15,),            
floor 0:





start writing local tree for site 1:
floor 2:
19(17,18,),                  
floor 1:
17(1,6,7,8,),            18(2,3,4,5,),            
floor 0:


start writing local tree for site 2:
floor 2:
22(21,20,),                  
floor 1:
21(9,10,12,13,),            20(16,11,14,15,),            
floor 0:





start writing local tree for site 1:
floor 2:
19(17,18,),                  
floor 1:
17(1,4,6,8,),            18(2,3,5,7,),            
floor 0:


start writing local tree for site 2:
floor 2:
22(21,20,),                  
floor 1:
21(9,10,12,13,),            20(16,11,14,15,),            
floor 0:





start writing local tree for site 1:
floor 2:
19(17,18,),                  
floor 1:
17(1,3,4,6,),            18(2,5,7,8,),            
floor 0:


start writing local tree for site 2:
floor 2:
22(21,20,),                  
floor 1:
21(9,10,12,13,),            20(16,11,14,15,),            
floor 0:





start writing local tree for site 1:
floor 2:
19(17,18,),                  
floor 1:
17(1,4,6,8,),            18(2,3,5,7,),            
floor 0:


start writing local tree for site 2:
floor 2:
22(21,20,),                  
floor 1:
21(9,10,12,13,),            20(16,11,14,15,),            
floor 0:





start writing local tree for site 1:
floor 2:
19(17,18,),                  
floor 1:
17(1,6,7,8,),            18(2,3,4,5,),            
floor 0:


start writing local tree for site 2:
floor 2:
22(21,20,),                  
floor 1:
21(9,10,12,13,),            20(16,11,14,15,),            
floor 0:





start writing local tree for site 1:
floor 2:
19(17,18,),                  
floor 1:
17(1,4,6,8,),            18(2,3,5,7,),            
floor 0:


start writing local tree for site 2:
floor 2:
22(21,20,),                  
floor 1:
21(9,10,12,13,),            20(16,11,14,15,),            
floor 0:





start writing local tree for site 1:
floor 2:
19(17,18,),                  
floor 1:
17(1,4,6,8,),            18(2,3,5,7,),            
floor 0:


start writing local tree for site 2:
floor 2:
22(21,20,),                  
floor 1:
21(9,10,12,13,),            20(16,11,14,15,),            
floor 0:





start writing local tree for site 1:
floor 2:
19(17,18,),                  
floor 1:
17(1,3,5,7,),            18(2,4,6,8,),            
floor 0:


start writing local tree for site 2:
floor 2:
22(21,20,),                  
floor 1:
21(9,10,11,12,),            20(16,13,14,15,),            
floor 0:





start writing local tree for site 1:
floor 2:
19(17,18,),                  
floor 1:
17(1,2,7,8,),            18(3,4,5,6,),            
floor 0:


start writing local tree for site 2:
floor 2:
22(21,20,),                  
floor 1:
21(9,10,11,12,),            20(16,13,14,15,),            
floor 0:





start writing local tree for site 1:
floor 2:
19(17,18,),                  
floor 1:
17(1,4,6,8,),            18(2,3,5,7,),            
floor 0:


start writing local tree for site 2:
floor 2:
22(21,20,),                  
floor 1:
21(9,10,11,12,),            20(16,13,14,15,),            
floor 0:





start writing local tree for site 1:
floor 2:
19(17,18,),                  
floor 1:
17(1,3,5,7,),            18(2,4,6,8,),            
floor 0:


start writing local tree for site 2:
floor 2:
22(21,20,),                  
floor 1:
21(9,10,11,12,),            20(16,13,14,15,),            
floor 0:





start writing local tree for site 1:
floor 2:
19(17,18,),                  
floor 1:
17(1,3,7,8,),            18(2,4,5,6,),            
floor 0:


start writing local tree for site 2:
floor 2:
22(21,20,),                  
floor 1:
21(9,10,11,12,),            20(16,13,14,15,),            
floor 0:





start writing local tree for site 1:
floor 2:
19(17,18,),                  
floor 1:
17(1,6,7,8,),            18(2,3,4,5,),            
floor 0:


start writing local tree for site 2:
floor 2:
22(21,20,),                  
floor 1:
21(9,10,11,12,),            20(16,13,14,15,),            
floor 0:





start writing local tree for site 1:
floor 2:
19(17,18,),                  
floor 1:
17(1,3,7,8,),            18(2,4,5,6,),            
floor 0:


start writing local tree for site 2:
floor 2:
22(21,20,),                  
floor 1:
21(9,10,11,12,),            20(16,13,14,15,),            
floor 0:





start writing local tree for site 1:
floor 2:
19(17,18,),                  
floor 1:
17(1,2,7,8,),            18(3,4,5,6,),            
floor 0:


start writing local tree for site 2:
floor 2:
22(21,20,),                  
floor 1:
21(9,10,11,12,),            20(16,13,14,15,),            
floor 0:





start writing local tree for site 1:
floor 2:
19(17,18,),                  
floor 1:
17(1,6,7,8,),            18(2,3,4,5,),            
floor 0:


start writing local tree for site 2:
floor 2:
22(21,20,),                  
floor 1:
21(9,10,11,12,),            20(16,13,14,15,),            
floor 0:





start writing local tree for site 1:
floor 2:
19(17,18,),                  
floor 1:
17(1,3,7,8,),            18(2,4,5,6,),            
floor 0:


start writing local tree for site 2:
floor 2:
22(21,20,),                  
floor 1:
21(9,10,11,13,),            20(16,12,14,15,),            
floor 0:





start writing local tree for site 1:
floor 2:
19(17,18,),                  
floor 1:
17(1,2,7,8,),            18(3,4,5,6,),            
floor 0:


start writing local tree for site 2:
floor 2:
22(21,20,),                  
floor 1:
21(9,10,11,12,),            20(16,13,14,15,),            
floor 0:





start writing local tree for site 1:
floor 2:
19(17,18,),                  
floor 1:
17(1,6,7,8,),            18(2,3,4,5,),            
floor 0:


start writing local tree for site 2:
floor 2:
22(21,20,),                  
floor 1:
21(9,11,12,13,),            20(16,10,14,15,),            
floor 0:





start writing local tree for site 1:
floor 2:
19(17,18,),                  
floor 1:
17(1,4,6,8,),            18(2,3,5,7,),            
floor 0:


start writing local tree for site 2:
floor 2:
22(21,20,),                  
floor 1:
21(9,10,11,12,),            20(16,13,14,15,),            
floor 0:





start writing local tree for site 1:
floor 2:
19(17,18,),                  
floor 1:
17(1,3,7,8,),            18(2,4,5,6,),            
floor 0:


start writing local tree for site 2:
floor 2:
22(21,20,),                  
floor 1:
21(9,10,11,12,),            20(16,13,14,15,),            
floor 0:





start writing local tree for site 1:
floor 2:
19(17,18,),                  
floor 1:
17(1,4,6,8,),            18(2,3,5,7,),            
floor 0:


start writing local tree for site 2:
floor 2:
22(21,20,),                  
floor 1:
21(9,10,11,12,),            20(16,13,14,15,),            
floor 0:





start writing local tree for site 1:
floor 2:
19(17,18,),                  
floor 1:
17(1,3,7,8,),            18(2,4,5,6,),            
floor 0:


start writing local tree for site 2:
floor 2:
22(21,20,),                  
floor 1:
21(9,10,11,12,),            20(16,13,14,15,),            
floor 0:





start writing local tree for site 1:
floor 2:
19(17,18,),                  
floor 1:
17(1,6,7,8,),            18(2,3,4,5,),            
floor 0:


start writing local tree for site 2:
floor 2:
22(21,20,),                  
floor 1:
21(9,10,11,12,),            20(16,13,14,15,),            
floor 0:





start writing local tree for site 1:
floor 2:
19(17,18,),                  
floor 1:
17(1,3,7,8,),            18(2,4,5,6,),            
floor 0:


start writing local tree for site 2:
floor 2:
22(21,20,),                  
floor 1:
21(9,10,11,12,),            20(16,13,14,15,),            
floor 0:





start writing local tree for site 1:
floor 2:
19(17,18,),                  
floor 1:
17(1,6,7,8,),            18(2,3,4,5,),            
floor 0:


start writing local tree for site 2:
floor 2:
22(21,20,),                  
floor 1:
21(9,10,11,12,),            20(16,13,14,15,),            
floor 0:





start writing local tree for site 1:
floor 4:
206(205,204,),                  
floor 3:
205(199,198,),                  204(201,200,203,202,),            
floor 2:
201(186,187,176,181,),            200(189,177,192,194,),            203(191,188,),                  202(185,178,182,183,),            199(184,179,196,193,),            198(190,197,195,180,),            
floor 1:
197(76,73,82,),               196(68,70,54,75,),            193(69,49,57,72,),            192(83,37,63,62,),            195(85,67,52,79,),            194(51,59,61,60,),            186(18,38,44,45,),            187(32,33,21,39,),            184(77,78,13,74,),            185(87,86,41,14,),            190(34,42,43,40,),            191(50,48,55,47,),            188(20,25,27,26,),            189(23,24,46,28,),            178(17,16,4,15,),            179(71,81,80,5,),            176(84,1,65,66,),            177(2,3,9,10,),            182(64,8,58,56,),            183(19,22,11,12,),            180(6,29,31,30,),            181(35,53,36,7,),            
floor 0:


start writing local tree for site 2:
floor 4:
237(236,235,),                  
floor 3:
236(233,229,),                  235(234,232,231,230,),            
floor 2:
234(216,219,),                  233(222,223,212,208,),            232(220,221,217,215,),            231(227,226,211,224,),            230(213,214,228,225,),            229(207,218,209,210,),            
floor 1:
207(152,137,153,138,),            228(96,110,111,106,),            227(103,89,104,90,),            226(100,99,124,88,),            225(112,97,162,161,),            224(126,160,121,105,),            220(169,168,167,91,),            221(175,166,165,164,),            222(172,93,92,94,),            223(119,174,125,120,),            216(118,155,156,157,),            217(98,173,158,159,),            218(116,123,148,122,),            219(117,149,150,151,),            212(129,128,131,132,),            213(108,109,130,107,),            214(102,101,95,133,),            215(171,170,154,163,),            208(136,127,135,134,),            209(139,143,144,145,),            210(141,140,146,147,),            211(115,114,113,142,),            
floor 0:





start writing local tree for site 1:
floor 4:
206(205,204,),                  
floor 3:
205(202,198,),                  204(201,200,203,199,),            
floor 2:
201(176,192,180,181,),            200(185,179,193,195,),            203(177,183,),                  202(186,190,188,194,),            199(187,184,196,182,),            198(191,189,178,197,),            
floor 1:
197(76,79,82,),               196(65,66,67,58,),            193(51,84,50,83,),            192(34,81,80,72,),            195(85,63,74,75,),            194(87,86,64,46,),            186(70,18,21,22,),            187(20,41,29,30,),            184(54,53,11,12,),            185(17,16,73,15,),            190(39,27,44,45,),            191(49,55,52,40,),            188(23,25,26,28,),            189(42,43,24,31,),            178(19,4,13,14,),            179(5,57,56,62,),            176(68,69,1,71,),            177(2,3,77,78,),            182(35,36,37,8,),            183(48,9,10,47,),            180(6,59,61,60,),            181(32,33,38,7,),            
floor 0:


start writing local tree for site 2:
floor 4:
237(236,235,),                  
floor 3:
236(232,230,),                  235(234,233,231,229,),            
floor 2:
234(213,215,),                  233(222,223,217,212,),            232(219,209,211,224,),            231(220,208,226,225,),            230(214,228,227,210,),            229(221,207,216,218,),            
floor 1:
207(137,138,106,105,),            228(102,89,121,90,),            227(115,114,113,92,),            226(103,124,94,91,),            225(169,112,172,161,),            224(108,109,160,107,),            220(168,145,146,167,),            221(175,174,147,120,),            222(171,170,100,88,),            223(148,149,150,151,),            216(154,163,162,135,),            217(155,156,157,166,),            218(173,158,159,93,),            219(98,99,144,104,),            212(152,153,129,128,),            213(119,97,131,132,),            214(101,96,95,130,),            215(127,126,125,133,),            208(136,165,134,164,),            209(139,143,123,122,),            210(141,140,110,111,),            211(118,117,116,142,),            
floor 0:





start writing local tree for site 1:
floor 4:
206(205,204,),                  
floor 3:
205(203,198,),                  204(201,200,202,199,),            
floor 2:
201(187,178,183,194,),            200(190,188,189,193,),            203(191,182,),                  202(185,179,176,180,),            199(186,196,177,181,),            198(184,197,192,195,),            
floor 1:
197(73,80,82,),               196(81,57,72,61,),            193(64,55,58,45,),            192(49,52,37,40,),            195(85,70,76,79,),            194(56,63,46,62,),            186(68,69,71,18,),            187(87,33,86,20,),            184(51,27,26,15,),            185(19,23,25,78,),            190(34,32,44,30,),            191(65,66,67,43,),            188(35,53,36,28,),            189(38,39,54,31,),            178(4,22,9,24,),            179(50,48,5,47,),            176(17,16,1,2,),            177(84,3,83,77,),            182(21,10,13,14,),            183(11,12,74,75,),            180(6,42,41,29,),            181(7,8,59,60,),            
floor 0:


start writing local tree for site 2:
floor 4:
237(236,235,),                  
floor 3:
236(232,231,),                  235(234,233,230,229,),            
floor 2:
234(223,218,),                  233(221,215,208,209,),            232(220,217,210,211,),            231(216,219,213,225,),            230(222,228,227,226,),            229(207,212,214,224,),            
floor 1:
207(137,138,96,95,),            228(118,115,123,91,),            227(100,98,99,161,),            226(97,88,166,164,),            225(102,175,108,160,),            224(172,89,107,90,),            220(155,156,157,150,),            221(171,170,147,165,),            222(103,112,149,151,),            223(169,127,148,121,),            216(152,174,173,133,),            217(124,122,135,134,),            218(119,153,126,125,),            219(154,163,162,120,),            212(101,142,110,111,),            213(158,159,129,128,),            214(114,113,131,132,),            215(168,146,130,167,),            208(136,106,104,105,),            209(139,93,92,94,),            210(116,141,140,109,),            211(117,143,144,145,),            
floor 0:





start writing local tree for site 1:
floor 4:
206(205,204,),                  
floor 3:
205(203,202,),                  204(201,200,199,198,),            
floor 2:
201(187,191,188,176,),            200(186,179,195,194,),            203(185,180,),                  202(184,178,177,182,),            199(189,183,192,181,),            198(190,197,196,193,),            
floor 1:
197(70,73,81,),               196(55,65,66,67,),            193(85,49,76,79,),            192(42,43,40,41,),            195(68,69,58,63,),            194(71,80,72,45,),            186(20,23,82,25,),            187(51,50,29,30,),            184(17,16,27,15,),            185(18,21,52,24,),            190(84,39,83,78,),            191(59,46,61,60,),            188(32,33,44,31,),            189(34,35,36,37,),            178(19,64,4,22,),            179(5,57,56,62,),            176(1,77,74,75,),            177(87,2,86,3,),            182(48,11,12,47,),            183(26,28,13,14,),            180(6,7,8,10,),            181(38,54,53,9,),            
floor 0:


start writing local tree for site 2:
floor 4:
237(236,235,),                  
floor 3:
236(233,231,),                  235(234,232,230,229,),            
floor 2:
234(214,208,),                  233(221,215,210,211,),            232(220,218,219,213,),            231(223,209,225,224,),            230(217,212,228,226,),            229(222,207,216,227,),            
floor 1:
207(137,138,126,125,),            228(127,109,121,120,),            227(108,89,107,90,),            226(114,113,111,91,),            225(175,106,104,105,),            224(103,97,94,88,),            220(167,148,165,164,),            221(171,170,93,92,),            222(102,101,168,110,),            223(118,117,169,112,),            216(96,95,135,134,),            217(152,153,174,173,),            218(154,163,162,166,),            219(155,156,157,172,),            212(158,159,142,160,),            213(129,128,146,147,),            214(130,149,150,151,),            215(124,123,133,122,),            208(119,136,131,132,),            209(100,139,98,99,),            210(116,141,140,161,),            211(115,143,144,145,),            
floor 0:





start writing local tree for site 1:
floor 4:
206(205,204,),                  
floor 3:
205(203,202,),                  204(201,200,199,198,),            
floor 2:
201(190,179,180,195,),            200(193,183,192,194,),            203(184,176,),                  202(187,178,177,181,),            199(186,191,188,196,),            198(185,189,197,182,),            
floor 1:
197(51,50,54,),               196(64,37,57,72,),            193(32,33,63,62,),            192(82,43,73,31,),            195(70,55,46,61,),            194(85,34,84,83,),            186(20,78,74,75,),            187(23,25,44,45,),            184(17,16,49,52,),            185(35,18,53,36,),            190(65,66,67,28,),            191(38,39,40,30,),            188(42,24,41,29,),            189(48,27,26,47,),            178(19,4,5,22,),            179(6,76,77,79,),            176(1,2,13,14,),            177(68,69,71,3,),            182(81,80,11,12,),            183(59,56,60,15,),            180(87,86,7,8,),            181(21,58,9,10,),            
floor 0:


start writing local tree for site 2:
floor 4:
237(236,235,),                  
floor 3:
236(233,230,),                  235(234,232,231,229,),            
floor 2:
234(215,210,),                  233(220,223,208,211,),            232(222,219,212,225,),            231(216,213,209,226,),            230(221,214,228,224,),            229(207,217,218,227,),            
floor 1:
207(137,103,139,138,),            228(118,115,108,121,),            227(89,107,104,90,),            226(102,127,126,125,),            225(168,97,112,88,),            224(174,172,123,166,),            220(175,173,145,160,),            221(146,147,109,167,),            222(169,106,91,105,),            223(163,162,161,148,),            216(122,135,134,120,),            217(152,153,96,95,),            218(154,101,110,111,),            219(100,98,99,159,),            212(114,113,129,128,),            213(119,131,124,132,),            214(158,130,165,164,),            215(93,92,94,133,),            208(136,155,156,157,),            209(117,116,141,140,),            210(171,170,143,144,),            211(142,149,150,151,),            
floor 0:





start writing local tree for site 1:
floor 4:
206(205,204,),                  
floor 3:
205(202,199,),                  204(201,200,203,198,),            
floor 2:
201(186,191,188,178,),            200(190,189,192,194,),            203(179,181,),                  202(185,176,177,183,),            199(187,193,195,180,),            198(184,197,196,182,),            
floor 1:
197(63,62,70,),               196(49,83,57,56,),            193(50,80,82,73,),            192(51,67,42,31,),            195(64,55,58,61,),            194(48,38,39,47,),            186(18,27,26,28,),            187(85,21,76,79,),            184(81,78,72,15,),            185(19,22,24,40,),            190(43,41,29,30,),            191(34,32,33,52,),            188(20,25,59,60,),            189(35,36,23,37,),            178(5,46,44,45,),            179(68,69,71,6,),            176(1,2,7,8,),            177(87,86,3,4,),            182(77,13,74,75,),            183(84,65,66,14,),            180(17,16,9,10,),            181(54,53,11,12,),            
floor 0:


start writing local tree for site 2:
floor 4:
237(236,235,),                  
floor 3:
236(231,229,),                  235(234,233,232,230,),            
floor 2:
234(218,219,),                  233(223,216,212,210,),            232(220,213,226,224,),            231(214,208,227,211,),            230(222,217,228,209,),            229(221,207,215,225,),            
floor 1:
207(137,138,104,105,),            228(118,117,115,120,),            227(124,123,122,88,),            226(114,111,106,91,),            225(113,161,89,90,),            224(127,126,125,160,),            220(100,98,99,159,),            221(171,170,108,107,),            222(172,163,162,121,),            223(169,93,92,94,),            216(133,166,165,164,),            217(102,152,153,101,),            218(154,149,150,151,),            219(155,156,157,109,),            212(142,146,147,148,),            213(97,112,129,128,),            214(119,175,131,132,),            215(96,110,95,130,),            208(103,136,135,134,),            209(139,174,158,173,),            210(168,141,140,167,),            211(116,143,144,145,),            
floor 0:





start writing local tree for site 1:
floor 4:
206(205,204,),                  
floor 3:
205(200,203,),                  204(201,202,199,198,),            
floor 2:
201(184,185,191,177,),            200(187,188,182,194,),            203(176,183,),                  202(178,179,180,181,),            199(186,190,189,193,),            198(197,196,192,195,),            
floor 1:
197(61,85,81,),               196(71,55,80,72,),            193(49,87,86,37,),            192(34,64,58,57,),            195(82,52,76,73,),            194(48,65,66,36,),            186(35,18,42,41,),            187(84,21,83,78,),            184(27,26,44,15,),            185(19,22,24,79,),            190(54,53,47,28,),            191(51,50,39,67,),            188(20,25,59,60,),            189(23,43,40,31,),            178(5,77,74,75,),            179(7,56,63,62,),            176(1,2,3,6,),            177(32,33,38,4,),            182(11,12,46,45,),            183(29,13,14,30,),            180(68,69,70,8,),            181(17,16,9,10,),            
floor 0:


start writing local tree for site 2:
floor 4:
237(236,235,),                  
floor 3:
236(230,229,),                  235(234,233,232,231,),            
floor 2:
234(219,212,),                  233(221,215,210,211,),            232(220,223,214,209,),            231(216,217,226,224,),            230(222,218,228,225,),            229(207,213,227,208,),            
floor 1:
207(137,138,129,128,),            228(118,117,124,121,),            227(106,104,91,105,),            226(119,115,113,120,),            225(114,174,161,94,),            224(102,101,96,172,),            220(127,146,147,148,),            221(171,170,163,162,),            222(175,173,160,88,),            223(169,166,165,164,),            216(152,153,89,90,),            217(154,110,111,95,),            218(158,159,123,122,),            219(145,108,109,107,),            212(142,126,131,125,),            213(155,156,157,130,),            214(100,98,99,132,),            215(93,92,135,134,),            208(136,149,150,151,),            209(103,139,97,112,),            210(116,141,140,133,),            211(168,143,144,167,),            
floor 0:





start writing local tree for site 1:
floor 4:
206(205,204,),                  
floor 3:
205(202,199,),                  204(201,200,203,198,),            
floor 2:
201(186,189,179,180,),            200(176,193,192,194,),            203(184,188,),                  202(187,191,177,181,),            199(196,182,183,195,),            198(185,190,178,197,),            
floor 1:
197(70,67,85,),               196(49,82,52,73,),            193(55,64,58,46,),            192(34,32,33,36,),            195(69,78,57,79,),            194(51,42,43,45,),            186(87,86,21,24,),            187(20,83,23,25,),            184(17,16,14,15,),            185(68,71,18,72,),            190(59,61,31,60,),            191(84,65,66,37,),            188(40,27,26,28,),            189(76,41,29,30,),            178(5,56,63,62,),            179(35,54,53,7,),            176(1,38,39,44,),            177(2,3,4,6,),            182(81,80,11,12,),            183(77,13,74,75,),            180(50,48,8,47,),            181(19,22,9,10,),            
floor 0:


start writing local tree for site 2:
floor 4:
237(236,235,),                  
floor 3:
236(231,229,),                  235(234,233,232,230,),            
floor 2:
234(223,215,),                  233(220,222,212,214,),            232(216,217,218,224,),            231(221,208,227,210,),            230(213,228,226,209,),            229(207,219,225,211,),            
floor 1:
207(137,138,143,144,),            228(103,109,88,120,),            227(127,166,165,121,),            226(100,112,89,90,),            225(161,124,123,122,),            224(115,114,113,160,),            220(119,126,125,148,),            221(97,149,150,151,),            222(168,172,167,164,),            223(169,96,108,107,),            216(158,159,135,134,),            217(152,153,163,162,),            218(154,175,174,173,),            219(118,117,116,145,),            212(129,128,146,147,),            213(110,111,131,132,),            214(98,99,130,104,),            215(93,92,94,133,),            208(136,155,156,157,),            209(139,106,91,105,),            210(171,170,141,140,),            211(102,101,142,95,),            
floor 0:





start writing local tree for site 1:
floor 4:
206(205,204,),                  
floor 3:
205(203,202,),                  204(201,200,199,198,),            
floor 2:
201(176,182,192,195,),            200(188,189,193,180,),            203(185,183,),                  202(186,184,177,181,),            199(187,178,179,196,),            198(190,191,197,194,),            
floor 1:
197(70,64,66,),               196(58,78,74,75,),            193(85,48,79,47,),            192(57,56,62,31,),            195(81,80,76,63,),            194(33,65,39,67,),            186(49,21,52,24,),            187(20,42,41,29,),            184(17,16,61,15,),            185(84,18,83,77,),            190(55,40,46,28,),            191(34,32,43,30,),            188(51,50,23,25,),            189(27,26,44,45,),            178(35,5,36,37,),            179(38,54,53,6,),            176(68,69,1,71,),            177(2,3,4,9,),            182(87,86,11,12,),            183(82,73,13,14,),            180(7,8,59,60,),            181(19,22,10,72,),            
floor 0:


start writing local tree for site 2:
floor 4:
237(236,235,),                  
floor 3:
236(233,230,),                  235(234,232,231,229,),            
floor 2:
234(212,209,),                  233(221,222,217,213,),            232(214,210,211,224,),            231(220,219,227,225,),            230(216,218,228,208,),            229(207,223,215,226,),            
floor 1:
207(137,138,155,156,),            228(118,126,124,91,),            227(114,108,161,109,),            226(103,112,160,88,),            225(102,101,175,111,),            224(172,89,107,90,),            220(148,166,165,164,),            221(171,170,123,122,),            222(168,127,125,167,),            223(100,169,98,99,),            216(149,132,150,151,),            217(152,153,115,113,),            218(154,163,162,121,),            219(96,159,110,95,),            212(119,142,131,120,),            213(129,128,146,147,),            214(117,130,135,134,),            215(106,133,104,105,),            208(136,174,158,173,),            209(139,93,92,94,),            210(116,141,140,157,),            211(143,97,144,145,),            
floor 0:





start writing local tree for site 1:
floor 4:
206(205,204,),                  
floor 3:
205(203,198,),                  204(201,200,202,199,),            
floor 2:
201(184,190,179,192,),            200(185,193,195,180,),            203(176,182,),                  202(186,191,188,183,),            199(187,189,196,194,),            198(178,197,177,181,),            
floor 1:
197(67,87,86,),               196(85,76,79,61,),            193(84,59,78,60,),            192(50,64,52,43,),            195(68,69,70,83,),            194(81,55,80,82,),            186(22,24,27,26,),            187(71,57,72,28,),            184(18,38,39,44,),            185(21,56,63,62,),            190(32,33,53,40,),            191(51,48,54,47,),            188(42,41,73,30,),            189(34,77,74,75,),            178(20,5,23,25,),            179(35,36,6,37,),            176(1,2,11,12,),            177(19,49,3,4,),            182(46,13,14,45,),            183(17,16,58,15,),            180(7,8,29,31,),            181(65,66,9,10,),            
floor 0:


start writing local tree for site 2:
floor 4:
237(236,235,),                  
floor 3:
236(231,230,),                  235(234,233,232,229,),            
floor 2:
234(222,223,),                  233(221,216,217,211,),            232(220,213,215,208,),            231(218,214,227,224,),            230(228,209,226,210,),            229(207,219,212,225,),            
floor 1:
207(137,138,97,112,),            228(98,123,122,121,),            227(103,109,107,88,),            226(118,111,108,91,),            225(175,172,163,124,),            224(115,114,113,94,),            220(100,174,159,162,),            221(117,146,147,148,),            222(171,170,93,92,),            223(169,161,149,151,),            216(166,132,165,164,),            217(158,160,135,134,),            218(154,99,106,105,),            219(155,156,157,150,),            212(142,127,126,125,),            213(116,129,128,145,),            214(130,89,104,90,),            215(152,153,173,133,),            208(119,136,131,120,),            209(139,96,110,95,),            210(102,101,141,140,),            211(168,143,144,167,),            
floor 0:





start writing local tree for site 1:
floor 4:
206(205,204,),                  
floor 3:
205(202,199,),                  204(201,200,203,198,),            
floor 2:
201(191,179,176,195,),            200(185,190,188,192,),            203(184,189,),                  202(186,177,182,181,),            199(178,193,183,194,),            198(187,197,196,180,),            
floor 1:
197(58,64,67,),               196(70,54,76,79,),            193(81,80,40,72,),            192(87,86,39,45,),            195(59,63,74,60,),            194(85,42,43,41,),            186(18,20,23,25,),            187(21,82,24,73,),            184(17,16,78,75,),            185(19,48,22,47,),            190(32,33,38,61,),            191(37,57,56,62,),            188(35,53,36,28,),            189(51,34,50,44,),            178(5,29,31,30,),            179(49,55,6,46,),            176(84,1,83,77,),            177(2,3,4,52,),            182(27,26,11,12,),            183(68,69,71,15,),            180(7,8,13,14,),            181(65,66,9,10,),            
floor 0:


start writing local tree for site 2:
floor 4:
237(236,235,),                  
floor 3:
236(232,229,),                  235(234,233,231,230,),            
floor 2:
234(213,211,),                  233(216,218,208,210,),            232(222,214,215,224,),            231(219,209,226,225,),            230(223,212,228,227,),            229(220,221,207,217,),            
floor 1:
207(137,138,106,105,),            228(96,110,111,126,),            227(102,101,95,160,),            226(103,109,91,164,),            225(100,98,175,99,),            224(172,127,125,121,),            220(174,158,159,92,),            221(168,147,167,165,),            222(166,149,150,151,),            223(89,148,104,90,),            216(93,94,135,134,),            217(152,153,169,173,),            218(118,117,154,123,),            219(155,115,114,113,),            212(129,128,108,107,),            213(156,157,131,132,),            214(145,124,130,122,),            215(163,162,161,133,),            208(136,116,141,140,),            209(139,112,97,88,),            210(119,143,144,120,),            211(171,170,142,146,),            
floor 0:





start writing local tree for site 1:
floor 4:
206(205,204,),                  
floor 3:
205(200,198,),                  204(201,203,202,199,),            
floor 2:
201(188,176,177,195,),            200(187,191,192,180,),            203(184,179,),                  202(186,190,182,194,),            199(178,196,193,181,),            198(185,189,197,183,),            
floor 1:
197(57,76,79,),               196(59,40,61,60,),            193(84,71,83,37,),            192(51,34,35,50,),            195(65,66,67,46,),            194(87,86,55,36,),            186(68,69,70,18,),            187(64,21,58,24,),            184(17,16,42,43,),            185(19,38,44,45,),            190(81,72,31,75,),            191(54,39,53,41,),            188(85,20,23,25,),            189(32,33,29,30,),            178(6,56,63,62,),            179(49,52,7,8,),            176(1,2,3,4,),            177(5,22,9,10,),            182(80,82,73,14,),            183(27,26,28,15,),            180(48,11,12,47,),            181(77,78,13,74,),            
floor 0:


start writing local tree for site 2:
floor 4:
237(236,235,),                  
floor 3:
236(232,229,),                  235(234,233,231,230,),            
floor 2:
234(223,209,),                  233(222,216,213,211,),            232(217,215,208,226,),            231(220,221,227,225,),            230(212,228,210,224,),            229(207,218,219,214,),            
floor 1:
207(137,139,138,148,),            228(102,103,123,122,),            227(101,114,113,166,),            226(109,94,106,91,),            225(96,163,111,162,),            224(118,161,121,120,),            220(115,174,173,159,),            221(169,168,145,167,),            222(172,127,126,125,),            223(171,170,117,116,),            216(175,158,160,135,),            217(152,153,156,157,),            218(154,98,104,105,),            219(155,110,89,90,),            212(129,128,165,164,),            213(119,131,124,132,),            214(95,108,130,107,),            215(100,99,133,88,),            208(136,97,112,134,),            209(141,140,93,92,),            210(143,144,146,147,),            211(142,149,150,151,),            
floor 0:





start writing local tree for site 1:
floor 4:
206(205,204,),                  
floor 3:
205(203,202,),                  204(201,200,199,198,),            
floor 2:
201(186,185,191,177,),            200(190,188,193,192,),            203(189,176,),                  202(184,182,180,181,),            199(178,179,196,183,),            198(187,197,195,194,),            
floor 1:
197(66,76,79,),               196(51,49,55,52,),            193(85,65,67,45,),            192(34,40,46,61,),            195(70,81,80,82,),            194(71,42,72,63,),            186(32,33,18,54,),            187(84,21,83,77,),            184(17,16,27,26,),            185(68,69,19,22,),            190(64,43,58,31,),            191(37,57,56,62,),            188(20,78,74,75,),            189(23,25,24,28,),            178(50,48,5,47,),            179(6,41,29,30,),            176(1,2,3,73,),            177(38,4,39,44,),            182(11,12,13,14,),            183(35,53,36,15,),            180(7,8,59,60,),            181(87,86,9,10,),            
floor 0:


start writing local tree for site 2:
floor 4:
237(236,235,),                  
floor 3:
236(233,232,),                  235(234,231,230,229,),            
floor 2:
234(215,208,),                  233(220,219,214,211,),            232(223,209,225,224,),            231(221,216,212,226,),            230(222,217,228,210,),            229(207,218,213,227,),            
floor 1:
207(137,138,163,162,),            228(115,113,124,121,),            227(119,93,92,120,),            226(103,114,94,91,),            225(169,175,160,166,),            224(96,172,110,111,),            220(155,161,149,150,),            221(145,106,104,105,),            222(171,170,165,164,),            223(95,89,90,151,),            216(112,97,133,88,),            217(146,147,148,135,),            218(102,152,153,101,),            219(154,127,126,125,),            212(100,98,99,142,),            213(158,159,129,128,),            214(156,157,131,132,),            215(118,117,116,130,),            208(136,123,122,134,),            209(139,108,109,107,),            210(168,141,140,167,),            211(174,173,143,144,),            
floor 0:





start writing local tree for site 1:
floor 4:
206(205,204,),                  
floor 3:
205(200,199,),                  204(201,203,202,198,),            
floor 2:
201(187,178,195,181,),            200(185,191,176,192,),            203(184,179,),                  202(177,183,180,194,),            199(188,189,182,193,),            198(186,190,197,196,),            
floor 1:
197(61,76,79,),               196(71,58,63,62,),            193(42,43,40,46,),            192(35,55,53,36,),            195(81,57,72,75,),            194(87,86,52,37,),            186(20,77,78,74,),            187(32,33,38,25,),            184(85,17,83,67,),            185(49,18,21,24,),            190(34,59,56,60,),            191(48,54,39,45,),            188(27,26,28,44,),            189(51,50,47,31,),            178(84,65,5,66,),            179(80,6,82,73,),            176(1,41,29,30,),            177(2,3,4,64,),            182(16,11,12,15,),            183(19,23,13,14,),            180(22,7,9,10,),            181(68,69,70,8,),            
floor 0:


start writing local tree for site 2:
floor 4:
237(236,235,),                  
floor 3:
236(231,229,),                  235(234,233,232,230,),            
floor 2:
234(222,217,),                  233(220,221,219,208,),            232(223,212,214,224,),            231(218,227,226,225,),            230(216,228,209,211,),            229(207,213,215,210,),            
floor 1:
207(137,138,104,105,),            228(118,117,126,109,),            227(96,172,110,111,),            226(102,101,92,161,),            225(169,108,107,88,),            224(174,95,89,90,),            220(173,147,165,120,),            221(112,106,148,91,),            222(171,170,103,97,),            223(124,149,150,151,),            216(166,135,164,134,),            217(152,153,158,160,),            218(154,175,163,162,),            219(168,159,146,167,),            212(115,114,113,142,),            213(93,129,128,94,),            214(155,156,157,130,),            215(127,125,133,121,),            208(136,100,98,99,),            209(119,139,131,132,),            210(141,140,123,122,),            211(116,143,144,145,),            
floor 0:





start writing local tree for site 1:
floor 4:
206(205,204,),                  
floor 3:
205(200,203,),                  204(201,202,199,198,),            
floor 2:
201(186,187,184,183,),            200(188,176,182,194,),            203(177,181,),                  202(185,189,178,180,),            199(190,191,196,192,),            198(197,179,193,195,),            
floor 1:
197(60,87,86,),               196(51,39,37,45,),            193(35,64,36,47,),            192(42,41,29,30,),            195(48,55,67,58,),            194(50,52,43,31,),            186(34,17,16,40,),            187(19,22,63,62,),            184(57,56,13,14,),            185(81,72,75,15,),            190(70,27,26,44,),            191(32,33,83,28,),            188(49,18,21,24,),            189(85,20,76,79,),            178(5,77,78,74,),            179(38,54,53,6,),            176(1,2,3,46,),            177(84,4,65,66,),            182(23,25,9,10,),            183(59,11,12,61,),            180(68,69,71,7,),            181(80,82,8,73,),            
floor 0:


start writing local tree for site 2:
floor 4:
237(236,235,),                  
floor 3:
236(231,229,),                  235(234,233,232,230,),            
floor 2:
234(216,208,),                  233(221,212,209,224,),            232(213,226,210,225,),            231(217,214,215,227,),            230(223,219,228,211,),            229(220,222,207,218,),            
floor 1:
207(137,138,158,160,),            228(118,103,117,116,),            227(168,115,92,125,),            226(172,127,126,121,),            225(169,124,167,148,),            224(171,170,111,90,),            220(157,108,109,107,),            221(175,174,173,159,),            222(102,101,146,147,),            223(145,89,106,91,),            216(133,149,150,151,),            217(119,135,134,120,),            218(154,96,110,95,),            219(155,156,123,122,),            212(112,97,142,88,),            213(93,129,128,94,),            214(114,113,131,132,),            215(98,130,104,105,),            208(136,163,162,161,),            209(139,166,165,164,),            210(100,141,140,99,),            211(152,153,143,144,),            
floor 0:





start writing local tree for site 1:
floor 4:
206(205,204,),                  
floor 3:
205(203,202,),                  204(201,200,199,198,),            
floor 2:
201(186,178,179,176,),            200(187,182,193,183,),            203(185,181,),                  202(184,190,188,177,),            199(189,196,195,194,),            198(191,197,192,180,),            
floor 1:
197(70,73,82,),               196(69,83,58,75,),            193(51,76,79,45,),            192(57,56,62,31,),            195(84,64,63,60,),            194(85,67,42,43,),            186(17,16,22,15,),            187(35,18,36,37,),            184(59,11,12,61,),            185(65,66,13,14,),            190(49,55,52,28,),            191(68,81,80,39,),            188(87,86,21,24,),            189(34,20,40,46,),            178(50,48,4,47,),            179(5,27,26,44,),            176(1,32,33,38,),            177(2,3,71,72,),            182(8,41,29,30,),            183(54,53,9,10,),            180(6,77,78,74,),            181(19,23,7,25,),            
floor 0:


start writing local tree for site 2:
floor 4:
237(236,235,),                  
floor 3:
236(232,229,),                  235(234,233,231,230,),            
floor 2:
234(218,208,),                  233(221,219,215,224,),            232(212,213,209,226,),            231(220,223,227,210,),            230(222,216,228,225,),            229(207,217,214,211,),            
floor 1:
207(137,138,108,107,),            228(100,106,104,105,),            227(174,161,122,121,),            226(93,92,94,91,),            225(168,98,99,96,),            224(115,175,173,160,),            220(158,159,89,90,),            221(145,166,165,164,),            222(169,97,109,88,),            223(118,117,123,148,),            216(171,170,135,134,),            217(103,154,163,162,),            218(155,156,114,113,),            219(157,112,172,120,),            212(142,127,126,125,),            213(116,129,128,124,),            214(110,111,95,130,),            215(146,147,167,133,),            208(136,149,150,151,),            209(119,139,131,132,),            210(152,153,141,140,),            211(102,101,143,144,),            
floor 0:





start writing local tree for site 1:
floor 4:
206(205,204,),                  
floor 3:
205(200,203,),                  204(201,202,199,198,),            
floor 2:
201(186,189,177,194,),            200(191,193,195,180,),            203(183,181,),                  202(185,190,178,182,),            199(187,188,196,192,),            198(184,197,179,176,),            
floor 1:
197(61,79,85,),               196(54,77,78,63,),            193(70,76,46,45,),            192(51,34,32,33,),            195(87,86,59,60,),            194(68,69,42,43,),            186(19,22,24,31,),            187(18,81,74,75,),            184(41,29,30,15,),            185(17,16,84,83,),            190(57,27,56,62,),            191(65,66,67,37,),            188(38,21,39,44,),            189(20,23,25,40,),            178(71,4,80,72,),            179(50,48,5,47,),            176(35,1,53,36,),            177(2,3,9,10,),            182(64,58,11,12,),            183(82,73,13,14,),            180(49,55,6,52,),            181(7,8,26,28,),            
floor 0:


start writing local tree for site 2:
floor 4:
237(236,235,),                  
floor 3:
236(233,231,),                  235(234,232,230,229,),            
floor 2:
234(212,215,),                  233(221,216,218,214,),            232(223,217,219,226,),            231(208,227,209,210,),            230(222,213,228,211,),            229(220,207,225,224,),            
floor 1:
207(137,138,131,132,),            228(124,109,123,122,),            227(103,127,126,125,),            226(115,98,114,113,),            225(100,99,106,166,),            224(119,121,91,120,),            220(97,112,148,88,),            221(171,170,93,94,),            222(118,117,116,172,),            223(169,168,92,167,),            216(152,153,174,173,),            217(154,163,165,164,),            218(159,162,145,161,),            219(146,147,89,90,),            212(175,158,142,160,),            213(129,128,104,105,),            214(110,111,95,130,),            215(102,101,96,133,),            208(136,149,150,151,),            209(139,155,156,157,),            210(141,140,135,134,),            211(143,144,108,107,),            
floor 0:





start writing local tree for site 1:
floor 4:
206(205,204,),                  
floor 3:
205(202,198,),                  204(201,200,203,199,),            
floor 2:
201(185,191,178,195,),            200(189,182,192,181,),            203(190,177,),                  202(186,187,183,180,),            199(184,188,196,194,),            198(197,179,176,193,),            
floor 1:
197(76,79,83,),               196(81,78,72,63,),            193(85,55,67,52,),            192(33,39,53,30,),            195(84,70,65,66,),            194(59,46,61,60,),            186(68,69,71,21,),            187(87,86,20,22,),            184(77,74,75,15,),            185(51,50,18,47,),            190(34,43,40,31,),            191(49,48,54,37,),            188(24,57,56,62,),            189(32,27,26,28,),            178(5,42,41,29,),            179(80,6,82,73,),            176(17,16,1,2,),            177(3,4,13,14,),            182(35,36,9,10,),            183(64,58,11,12,),            180(19,23,7,25,),            181(38,8,44,45,),            
floor 0:


start writing local tree for site 2:
floor 4:
237(236,235,),                  
floor 3:
236(231,230,),                  235(234,233,232,229,),            
floor 2:
234(212,209,),                  233(221,222,215,224,),            232(223,218,219,225,),            231(220,227,226,210,),            230(213,214,228,211,),            229(207,216,217,208,),            
floor 1:
207(137,138,110,111,),            228(118,103,117,116,),            227(108,109,107,91,),            226(102,101,123,122,),            225(112,97,172,88,),            224(127,126,125,165,),            220(158,159,89,90,),            221(145,149,150,151,),            222(175,160,166,164,),            223(168,93,92,94,),            216(100,98,99,133,),            217(152,153,96,95,),            218(154,163,162,161,),            219(155,156,157,124,),            212(171,170,142,146,),            213(119,129,128,120,),            214(131,147,167,132,),            215(169,130,148,121,),            208(136,106,104,105,),            209(139,115,114,113,),            210(141,140,174,173,),            211(143,144,135,134,),            
floor 0:





start writing local tree for site 1:
floor 4:
206(205,204,),                  
floor 3:
205(199,198,),                  204(201,200,203,202,),            
floor 2:
201(187,184,190,179,),            200(191,189,193,195,),            203(176,177,),                  202(188,182,183,180,),            199(186,178,196,181,),            198(185,197,192,194,),            
floor 1:
197(76,73,82,),               196(55,83,59,60,),            193(51,64,58,45,),            192(71,80,37,72,),            195(81,54,78,79,),            194(68,69,77,46,),            186(32,33,27,26,),            187(70,41,29,30,),            184(20,22,25,24,),            185(23,56,63,62,),            190(35,53,36,57,),            191(85,67,42,43,),            188(50,48,47,28,),            189(84,65,66,31,),            178(5,6,7,8,),            179(9,10,74,75,),            176(1,2,3,61,),            177(19,4,13,14,),            182(34,17,16,40,),            183(87,86,18,21,),            180(49,52,11,12,),            181(38,39,44,15,),            
floor 0:


start writing local tree for site 2:
floor 4:
237(236,235,),                  
floor 3:
236(232,229,),                  235(234,233,231,230,),            
floor 2:
234(217,214,),                  233(222,223,219,212,),            232(220,213,208,210,),            231(218,215,227,226,),            230(221,228,225,224,),            229(207,216,209,211,),            
floor 1:
207(137,138,168,167,),            228(102,101,96,120,),            227(112,97,124,88,),            226(103,109,106,91,),            225(161,166,165,164,),            224(110,111,89,90,),            220(127,126,145,125,),            221(95,108,107,149,),            222(169,175,174,160,),            223(115,114,113,151,),            216(146,147,148,133,),            217(152,153,123,122,),            218(155,156,157,150,),            219(173,158,159,172,),            212(142,93,92,94,),            213(163,129,128,162,),            214(119,154,131,132,),            215(100,98,99,130,),            208(136,135,121,134,),            209(118,117,139,116,),            210(141,140,104,105,),            211(171,170,143,144,),            
floor 0:





start writing local tree for site 1:
floor 4:
206(205,204,),                  
floor 3:
205(200,202,),                  204(201,203,199,198,),            
floor 2:
201(187,179,182,195,),            200(186,190,193,194,),            203(191,183,),                  202(184,185,176,181,),            199(189,178,196,177,),            198(188,197,192,180,),            
floor 1:
197(57,70,72,),               196(68,69,42,40,),            193(87,86,37,41,),            192(34,32,38,39,),            195(59,63,62,60,),            194(33,54,82,73,),            186(18,21,76,79,),            187(49,55,52,24,),            184(16,65,66,15,),            185(17,20,23,25,),            190(64,43,58,31,),            191(35,48,53,36,),            188(27,26,44,61,),            189(67,46,28,45,),            178(84,5,83,77,),            179(6,56,11,12,),            176(85,1,2,3,),            177(71,81,4,80,),            182(78,10,74,75,),            183(29,13,14,30,),            180(51,50,7,47,),            181(19,22,8,9,),            
floor 0:


start writing local tree for site 2:
floor 4:
237(236,235,),                  
floor 3:
236(233,232,),                  235(234,231,230,229,),            
floor 2:
234(223,214,),                  233(222,218,219,211,),            232(220,212,213,209,),            231(221,216,210,225,),            230(217,215,227,224,),            229(207,228,208,226,),            
floor 1:
207(137,139,138,172,),            228(126,124,109,120,),            227(100,98,99,96,),            226(127,111,125,121,),            225(123,122,165,164,),            224(103,110,108,107,),            220(163,162,161,148,),            221(168,115,173,167,),            222(93,92,94,166,),            223(175,174,160,91,),            216(152,153,146,147,),            217(154,106,104,105,),            218(114,113,158,159,),            219(112,97,145,88,),            212(119,169,131,132,),            213(118,117,130,135,),            214(133,149,150,151,),            215(102,101,95,134,),            208(136,155,156,157,),            209(116,141,140,142,),            210(143,144,89,90,),            211(171,170,129,128,),            
floor 0:





start writing local tree for site 1:
floor 4:
205(204,203,),                  
floor 3:
204(202,198,),                  203(201,200,197,199,),            
floor 2:
201(187,188,180,181,),            200(186,179,177,195,),            202(189,176,),                  197(185,175,182,183,),            199(184,191,178,193,),            198(190,196,192,194,),            
floor 1:
175(1,2,3,42,),            196(72,87,81,),               193(68,51,69,67,),            192(50,48,54,63,),            195(85,86,59,58,),            194(84,78,57,75,),            186(83,82,25,26,),            187(80,27,79,74,),            184(19,22,24,60,),            185(34,35,18,36,),            190(39,53,44,45,),            191(70,71,33,56,),            188(32,52,29,31,),            189(64,65,66,30,),            178(21,23,6,9,),            179(20,7,8,10,),            176(16,4,14,15,),            177(55,5,62,61,),            182(49,46,47,13,),            183(17,38,37,43,),            180(40,41,11,28,),            181(76,77,12,73,),            
floor 0:


start writing local tree for site 2:
floor 4:
236(235,234,),                  
floor 3:
235(231,228,),                  234(233,232,230,229,),            
floor 2:
233(223,218,),                  232(221,222,216,208,),            231(219,213,215,225,),            230(217,212,226,211,),            229(220,206,227,224,),            228(207,214,209,210,),            
floor 1:
207(139,157,140,159,),            206(137,136,104,105,),            227(90,114,123,),               226(100,101,174,110,),            225(103,108,89,88,),            224(102,170,96,111,),            220(98,99,97,147,),            221(171,169,117,116,),            222(167,148,149,150,),            223(119,168,166,120,),            216(153,162,161,135,),            217(173,158,172,160,),            218(93,144,92,91,),            219(113,112,145,146,),            212(152,127,128,151,),            213(118,126,131,130,),            214(106,133,107,134,),            215(115,125,124,132,),            208(154,155,138,156,),            209(141,163,165,164,),            210(143,142,122,121,),            211(129,95,109,94,),            
floor 0:





start writing local tree for site 1:
floor 2:
19(17,18,),                  
floor 1:
17(1,3,4,6,),            18(2,5,7,8,),            
floor 0:


start writing local tree for site 2:
floor 2:
22(21,20,),                  
floor 1:
21(9,10,12,13,),            20(16,11,14,15,),            
floor 0:





start writing local tree for site 1:
floor 3:
62(61,60,),                  
floor 2:
61(53,59,56,),               60(55,54,58,57,),            
floor 1:
55(16,4,12,14,),            54(3,5,6,7,),            53(1,2,21,20,),            59(18,22,),                  58(19,25,24,15,),            57(17,23,26,13,),            56(8,9,10,11,),            
floor 0:


start writing local tree for site 2:
floor 3:
72(70,71,),                  
floor 2:
70(68,69,67,63,),            71(64,65,66,),               
floor 1:
68(51,50,48,47,),            69(45,49,),                  64(32,46,31,30,),            65(34,35,36,52,),            66(38,39,40,41,),            67(37,42,43,44,),            63(33,27,29,28,),            
floor 0:





