floor 0:54(-1)    [3,5,36,6,7,]
floor 1:64(54)    [1,52,29,28,]65(54)    [23,37,24,31,]
floor 2:53(64)    [2,21,20,]58(65)    [34,17,35,13,15,]56(65)    [8,25,26,]
floor 3:68(56)    [51,43,44,45,]69(53)    [16,49,48,14,]63(53)    [32,27,]
floor 4:55(69)    [9,10,11,46,]59(63)    [19,33,22,30,]57(69)    [18,12,]
floor 5:66(55)    [50,38,4,47,]67(55)    [39,42,40,41,]



floor 0:63(-1)    [33,27,29,28,]
floor 1:68(63)    [36,52,22,]57(63)    [18,25,8,12,14,]
floor 2:54(68)    [51,3,21,20,37,]67(57)    [38,39,]58(57)    [34,17,16,42,13,]
floor 3:69(54)    [1,49,7,]55(67)    [4,23,40,26,]65(58)    [43,24,45,]59(67)    [19,41,15,]
floor 4:64(69)    [50,46,31,30,]53(69)    [5,6,]56(69)    [2,9,10,11,44,]
floor 5:66(64)    [35,32,48,47,]



floor 0:65(-1)    [46,47,31,30,]
floor 1:66(65)    [16,50,4,24,]63(65)    [33,27,41,]
floor 2:55(66)    [49,13,]53(63)    [1,2,20,25,]59(63)    [21,22,29,]58(66)    [51,34,17,19,8,15,]56(63)    [5,6,7,9,45,]
floor 3:69(56)    [38,]54(55)    [3,18,40,12,14,]67(59)    [35,42,43,44,]
floor 4:64(54)    [52,28,]
floor 5:68(64)    [32,48,36,37,]57(64)    [39,23,10,26,11,]



floor 0:67(-1)    [52,]     
floor 1:71(67)    [38,6,37,41,]     66(67)    [33,24,27,29,]     56(67)    [17,5,36,28,13,]     
floor 2:57(56)    [7,26,]     60(66)    [19,15,]     
floor 3:55(57)    [23,25,]     
floor 4:73(55)    [48,4,47,45,]     
floor 5:70(73)    [50,10,46,]     
floor 6:68(70)    [11,31,30,]     59(70)    [16,12,]     
floor 7:69(59)    [35,39,40,]     54(59)    [32,3,18,14,]     58(68)    [34,8,9,]     61(68)    [21,22,]     
floor 8:72(61)    [1,42,43,]     
floor 9:53(72)    [51,2,20,]     74(72)    [44,49,]     



floor 0:68(-1)    [46,                          ]     
floor 1:70(68)    [50,8,                       ]     71(68)    [51,38,47,                    ]     60(68)    [49,18,21,28,14,              ]     
floor 2:66(60)    [42,43,27,                    ]     58(70)    [33,48,9,10,11,              ]     57(60)    [16,12,                       ]     74(60)    [37,45,                       ]     
floor 3:54(66)    [23,26,                       ]     53(74)    [1,2,40,                    ]     59(74)    [17,24,13,                    ]     
floor 4:69(54)    [35,4,7,25,31,              ]     67(54)    [32,29,30,                    ]     72(53)    [3,39,44,                    ]     
floor 5:55(69)    [34,19,15,                    ]     56(69)    [5,6,                       ]     61(72)    [20,41,                       ]     
floor 6:73(61)    [36,52,22,                    ]     



floor 0:69(-1)    [34,42,8,9,44,              ]     
floor 1:70(69)    [35,6,43,45,                 ]     55(69)    [16,4,12,                    ]     59(69)    [20,                          ]     
floor 2:71(59)    [37,52,                       ]     53(59)    [1,2,24,                    ]     67(59)    [3,41,29,                    ]     57(70)    [10,11,                       ]     74(55)    [48,47,                       ]     60(55)    [18,25,31,14,                 ]     
floor 3:68(60)    [32,30,                       ]     66(74)    [49,27,46,                    ]     56(71)    [17,33,5,13,                 ]     73(74)    [50,7,                       ]     61(67)    [21,22,                       ]     
floor 4:54(56)    [23,26,28,                    ]     58(73)    [51,19,36,15,                 ]     72(61)    [38,39,40,                    ]     



floor 0:72(-1)    [51,25,                                                     ]     
floor 1:70(72)    [34,8,47,                                                  ]     55(72)    [16,3,12,                                                  ]     73(72)    [49,48,37,9,                                               ]     
floor 2:69(55)    [1,31,30,                                                  ]     71(55)    [35,36,                                                     ]     54(73)    [2,20,                                                     ]     67(55)    [42,43,29,                                                  ]     58(70)    [23,26,46,                                                  ]     57(70)    [7,22,24,                                                  ]     60(55)    [50,32,18,14,                                               ]     
floor 3:53(69)    [17,38,13,                                                  ]     59(67)    [21,39,10,11,28,                                            ]     56(67)    [4,5,6,                                                  ]     74(57)    [52,45,                                                     ]     61(71)    [19,41,15,                                                  ]     
floor 4:68(59)    [40,                                                        ]     66(53)    [33,27,44,                                                  ]     



floor 0:71(-1)    [32,18,4,                                                  ]     
floor 1:68(71)    [42,31,30,                                                  ]     69(71)    [2,12,13,                                                  ]     54(71)    [41,47,14,                                                  ]     
floor 2:66(54)    [33,27,44,                                                  ]     53(69)    [34,50,1,3,46,                                            ]     59(69)    [16,                                                        ]     72(69)    [49,48,38,                                                  ]     
floor 3:56(66)    [37,7,22,28,                                               ]     
floor 4:67(56)    [20,29,                                                     ]     73(56)    [6,43,9,45,                                               ]     74(56)    [52,                                                        ]     
floor 5:55(73)    [5,36,                                                     ]     58(74)    [51,21,10,11,                                               ]     57(74)    [23,26,                                                     ]     61(74)    [8,25,24,                                                  ]     
floor 6:70(61)    [39,40,                                                     ]     
floor 7:60(70)    [17,35,19,15,                                               ]     



floor 0:66(-1)    [49,20,8,27,46,]                                                 
floor 1:55(66)    [17,3,13,]                                                       54(66)    [2,]                                                             67(66)    [50,48,29,]                                                       59(66)    [16,12,14,]                                                       72(66)    [51,38,47,]                                                       
floor 2:71(59)    [32,43,45,]                                                       73(55)    [18,]                                                             74(55)    [25,41,]                                                          60(55)    [39,36,23,24,40,]                                                 
floor 3:53(74)    [5,6,28,]                                                       56(71)    [4,21,22,]                                                       61(74)    [52,26,]                                                          
floor 4:68(53)    [1,7,42,44,]                                                    70(53)    [34,35,33,]                                                       
floor 5:58(68)    [37,9,10,11,]                                                    57(68)    [19,15,]                                                          
floor 6:69(58)    [31,30,]                                                          



floor 0:69(-1)    []                                  
floor 1:68(69)    [37,42,25,43,45,]                   59(69)    [23,26,47,44,]                      
floor 2:66(59)    [38,22,8,9,]                      58(68)    [19,18,15,]                         
floor 3:65(66)    [32,46,31,30,]                      56(66)    [51,50,41,11,]                      
floor 4:63(65)    [34,33,27,28,]                      
floor 5:53(63)    [1,21,20,]                         
floor 6:64(53)    [2,7,52,14,]                      
floor 7:55(64)    [16,36,24,29,]                      57(64)    [17,10,13,]                         
floor 8:54(55)    [35,3,4,5,6,12,]                67(57)    [49,48,39,40,]                      



floor 0:66(-1)    [16,4,5,6,41,12,]                
floor 1:69(66)    [18,25,10,44,]                      55(66)    [50,38,7,24,]                      54(66)    [51,3,]                            
floor 2:64(55)    [2,52,]                            58(69)    [19,47,15,]                         57(69)    [17,13,14,]                         63(55)    [34,33,27,28,]                      
floor 3:53(64)    [35,1,21,20,36,29,]                67(57)    [48,39,8,40,]                      
floor 4:65(53)    [32,46,31,30,]                      56(67)    [49,22,9,11,]                      
floor 5:59(65)    [23,37,26,45,]                      
floor 6:68(59)    [42,43,]                            



floor 0:65(-1)    [32,46,31,30,]                      
floor 1:66(65)    [51,50,10,41,14,]                   59(65)    [23,37,26,]                         56(65)    [22,11,]                            63(65)    [34,33,27,28,]                      
floor 2:68(59)    [42,43,45,]                         69(56)    [18,8,9,44,]                      57(66)    [17,38,13,]                         
floor 3:67(57)    [49,48,39,40,]                      58(69)    [19,25,47,15,]                      
floor 4:53(67)    [1,21,20,7,29,]                   
floor 5:64(53)    [2,52,]                            
floor 6:55(64)    [16,5,36,24,]                      
floor 7:54(55)    [35,3,4,6,12,]                   



floor 0:69(-1)    [3,6,12,47,]                      
floor 1:54(69)    [4,44,]                            53(69)    [1,2,48,21,39,20,40,]             59(69)    [23,26,]                            
floor 2:55(54)    [16,37,7,24,]                      67(53)    [49,]                               
floor 3:68(55)    [18,42,25,43,]                      64(55)    [35,36,52,29,]                      57(67)    [17,10,46,13,31,14,]                
floor 4:65(57)    [32,8,9,30,]                      58(68)    [19,5,45,15,]                      
floor 5:56(65)    [22,11,]                            
floor 6:66(56)    [51,50,38,41,]                      63(56)    [34,33,27,28,]                      



floor 0:66(-1)    [51,50,38,41,]                      
floor 1:69(66)    [4,12,47,44,]                      55(66)    [16,32,5,7,24,]                   
floor 2:64(55)    [2,36,52,8,9,29,]                65(55)    [46,31,30,]                         54(69)    [3,6,]                            
floor 3:53(64)    [35,21,20,]                         59(64)    [23,26,]                            57(64)    [17,1,13,]                         56(64)    [22,10,11,14,]                      
floor 4:68(56)    [37,25,43,]                         67(59)    [49,48,39,40,]                      63(53)    [34,33,27,28,]                      
floor 5:58(68)    [19,18,42,45,15,]                   



floor 0:69(-1)    [10,47,44,]                         
floor 1:68(69)    [37,42,43,45,]                      57(69)    [17,13,14,]                         
floor 2:66(57)    [51,50,4,22,9,]                   
floor 3:54(66)    [3,38,41,12,]                      56(66)    [6,8,11,]                         
floor 4:67(56)    [49,48,39,40,]                      
floor 5:59(67)    [23,26,46,]                         58(67)    [34,19,28,15,]                      
floor 6:65(59)    [32,31,30,]                         63(58)    [33,18,25,27,]                      
floor 7:53(65)    [21,20,7,29,]                      
floor 8:64(53)    [35,1,2,52,]                      
floor 9:55(64)    [16,5,36,24,]                      



